0 2
0 2998
0 2017
0 1574
0 928
0 2222
0 2224
1 3
1 2999
1 4
1 2998
1 1593
1 390
2 3
2 4
2 5
2 2999
2 678
2 2237
3 4
3 6
3 1361
4 5
4 6
4 7
4 2415
5 7
5 8
5 2861
5 1887
6 7
6 8
6 9
6 371
6 1431
7 8
7 9
7 749
7 2878
8 9
8 11
8 1703
9 10
9 11
9 1858
10 12
10 2427
10 1455
11 12
11 14
11 1415
11 982
11 1240
12 13
12 14
12 15
13 14
13 15
13 16
13 1257
14 16
14 17
14 1787
14 40
15 17
15 18
15 117
16 17
16 18
16 19
16 1743
16 807
16 1782
17 18
17 19
17 20
18 19
18 20
18 21
19 21
19 22
19 1219
20 21
20 22
20 23
20 242
21 22
21 23
21 24
21 2145
22 23
22 2831
22 1928
23 24
23 25
23 26
23 2179
23 2534
23 2956
24 25
24 27
24 2055
24 1038
25 27
25 28
25 960
25 277
26 27
26 28
26 29
26 1748
26 146
27 29
27 1179
27 502
27 1475
28 29
28 30
28 31
28 326
28 2438
29 30
29 1106
29 1256
29 2177
30 31
30 33
30 342
31 32
31 33
31 34
32 34
32 35
32 509
32 1130
33 35
33 36
33 2059
33 658
33 1532
34 35
34 37
34 2467
35 38
35 2261
35 1764
35 2335
35 2434
36 37
36 38
36 822
36 292
37 38
37 39
37 1132
37 814
37 304
37 839
38 39
38 40
38 41
38 1749
38 2636
39 40
39 42
39 1666
39 1880
40 42
40 43
40 368
41 42
41 44
41 1701
41 2254
42 45
42 2124
42 1717
42 330
43 45
43 46
43 955
44 45
44 46
44 47
45 46
45 898
45 1195
45 1675
45 1576
46 47
46 48
46 49
46 925
46 966
46 1184
46 1403
46 2803
47 48
47 49
47 50
47 1840
48 49
48 51
48 2746
48 1682
48 2220
49 50
49 2527
49 1644
50 51
50 52
50 53
50 800
51 52
51 53
51 1969
52 53
52 54
52 587
52 2760
53 54
53 56
53 2921
53 2482
54 55
54 56
54 57
54 471
54 2350
55 56
55 58
55 2021
55 1394
55 2276
55 1269
56 57
56 58
56 2398
56 2602
56 650
57 59
57 60
57 957
58 60
58 61
58 2088
58 1101
59 61
59 62
59 2555
59 2060
59 2360
59 2915
60 61
60 62
60 948
60 167
60 1670
61 62
61 63
61 64
62 64
62 573
62 1004
63 64
63 65
63 66
64 65
64 67
64 506
64 613
64 2163
65 66
65 67
65 1225
66 67
66 69
66 286
66 100
66 1282
67 68
67 69
67 748
67 1367
67 2986
68 69
68 71
68 2234
69 70
69 71
69 72
70 71
70 72
70 73
70 1580
71 72
71 73
71 74
71 1775
72 74
72 75
72 627
72 1769
72 869
72 975
73 75
73 76
73 967
74 75
74 77
74 2027
74 2912
75 76
75 77
75 78
75 83
76 78
76 2253
76 2524
76 258
77 78
77 79
77 2454
77 2201
77 2132
78 79
78 2012
78 539
78 1960
78 2738
79 80
79 81
79 82
80 82
80 83
80 1333
81 84
81 2186
81 1889
82 83
82 2061
82 2819
83 86
83 2292
84 85
84 87
84 889
85 86
85 87
85 88
85 2863
85 2978
86 87
86 88
86 89
86 479
87 88
87 89
87 90
88 89
88 90
88 91
89 90
89 91
89 92
89 358
89 519
89 2494
90 91
90 92
90 93
90 794
91 92
91 94
91 360
91 438
92 93
92 94
92 95
92 1248
93 95
93 2648
93 1033
94 95
94 96
94 97
95 96
95 97
95 98
95 2506
95 2596
96 98
96 99
96 1498
96 844
96 2904
97 98
97 100
97 2067
97 1191
98 99
98 100
98 1589
98 2332
99 100
99 102
99 968
99 389
99 2269
100 101
100 102
100 103
100 2554
101 102
101 103
101 104
102 103
102 104
102 105
102 699
102 762
102 690
103 104
103 105
103 106
104 107
104 975
104 550
104 1597
105 106
105 107
105 1456
105 315
105 2678
106 107
106 108
106 109
106 2141
107 110
107 1652
107 2580
107 827
108 109
108 111
108 1935
109 110
109 241
109 1736
109 2005
110 111
110 112
110 113
110 2160
110 1016
111 112
111 113
111 114
111 1321
112 113
112 114
112 115
113 115
113 405
113 2793
114 117
114 2646
114 1434
114 2465
114 2410
115 117
115 118
115 2958
115 2570
116 117
116 119
116 1256
117 118
117 119
117 120
117 2156
118 119
118 120
118 121
118 2097
119 121
119 122
119 814
119 1830
120 121
120 878
120 1520
120 1663
121 123
121 124
121 1008
121 1705
122 123
122 124
122 442
122 578
123 125
123 126
123 2012
123 407
123 2022
123 2276
124 125
124 126
124 2499
124 2643
124 881
124 2635
125 126
125 127
125 128
126 127
126 128
126 129
126 1941
127 129
127 130
127 1084
128 129
128 130
128 131
129 130
129 131
129 132
129 426
130 131
130 132
130 133
131 132
131 133
131 134
132 133
132 134
132 135
133 134
133 135
133 276
134 135
134 136
134 1113
134 2769
134 1366
135 136
135 137
135 138
135 140
135 928
135 2126
135 2874
136 137
136 138
136 139
136 1703
137 138
137 2989
137 1166
138 139
138 140
138 141
138 2651
139 140
139 141
139 778
139 2428
139 2126
140 141
140 142
141 142
141 143
141 144
141 158
141 1919
142 143
142 144
142 145
142 1310
143 144
143 146
143 373
144 146
144 147
144 2190
144 1458
144 1287
145 146
145 147
145 1198
146 149
146 2738
147 149
147 150
147 2318
148 150
148 2817
148 2445
148 679
149 150
149 152
149 560
149 763
149 2808
150 151
150 153
150 417
151 152
151 154
151 1485
151 2281
152 154
152 2435
152 517
152 1212
152 2347
152 2153
153 154
153 155
153 2297
153 645
153 2710
154 155
154 156
154 157
154 475
155 156
155 158
155 2340
156 157
156 158
156 159
157 158
157 159
157 160
157 2951
158 159
158 161
158 204
159 160
159 162
159 1051
160 162
160 163
160 1595
160 1278
160 239
160 913
161 162
161 163
161 2140
161 884
162 163
162 165
162 552
162 197
162 2285
162 1996
163 164
163 165
163 1244
164 166
164 167
164 2441
164 917
164 2861
165 167
165 168
165 2003
165 2083
165 995
166 167
166 168
166 169
166 2784
167 168
167 170
167 2220
168 170
168 2238
168 677
168 2620
169 170
169 171
169 172
169 2550
170 171
170 172
170 173
171 172
171 173
171 1725
171 2932
172 173
172 175
172 2029
172 2573
173 174
173 175
173 2117
173 1237
174 175
174 176
174 177
175 176
175 183
175 273
175 2512
175 2335
176 177
176 178
176 396
176 605
177 178
177 179
177 180
177 2409
178 179
178 180
178 667
178 1960
179 180
179 181
179 182
180 181
180 182
180 183
180 1797
181 182
181 183
181 184
182 184
182 185
182 218
182 1017
183 184
183 185
183 186
183 695
184 185
184 187
184 2720
184 1232
185 186
185 187
185 188
185 974
186 187
186 188
186 189
186 309
187 189
187 190
187 2486
188 190
188 191
188 711
189 190
189 192
189 307
189 1185
190 192
190 193
190 644
190 2405
191 193
191 194
191 1189
192 194
192 195
192 2692
192 1615
192 2004
193 194
193 196
193 1364
193 721
194 195
194 197
194 1702
195 196
195 197
195 198
195 2301
195 490
196 197
196 198
196 199
196 2712
197 198
197 199
197 200
197 2198
198 201
198 2912
198 1868
198 1491
199 200
199 201
199 876
199 760
200 201
200 202
200 203
200 576
200 1936
200 205
200 609
201 203
201 395
201 2295
202 203
202 204
202 205
202 2936
203 205
203 528
203 2473
204 205
204 206
205 206
205 207
205 1796
205 2898
206 207
206 208
206 209
206 1913
206 969
207 208
207 209
207 210
208 209
208 303
208 2921
208 1079
209 210
209 211
209 212
209 929
209 1945
209 2785
209 712
210 211
210 212
210 213
211 212
211 214
211 2007
212 213
212 214
212 215
212 369
213 214
213 215
213 216
214 1575
214 2550
214 816
214 875
215 216
215 218
215 249
216 217
216 219
216 1266
216 2747
217 220
217 1159
217 2677
218 219
218 220
218 221
218 685
219 220
219 2332
219 2511
220 221
220 222
220 1310
221 222
221 224
221 2589
222 223
222 224
222 225
223 224
223 225
223 226
223 753
223 1701
224 225
224 226
224 227
225 227
225 228
225 2128
225 2588
226 227
226 228
226 229
226 2851
227 228
227 229
227 823
227 1593
228 229
228 230
228 1136
228 2836
228 2910
229 230
229 231
229 232
229 1689
230 231
230 232
230 1710
231 232
231 233
231 2464
231 2890
232 233
232 235
232 1731
232 2054
232 2375
233 234
233 236
233 2202
234 235
234 236
234 237
235 236
235 237
235 238
235 2634
236 237
236 238
236 899
237 239
237 497
237 1493
237 1556
237 2106
238 239
238 241
238 1613
239 240
239 1060
239 322
240 241
240 243
240 316
240 1783
240 1841
241 242
241 243
241 244
241 589
242 243
242 244
243 244
243 245
243 246
243 648
243 2124
244 246
244 247
244 258
245 246
245 247
245 2711
246 248
246 249
246 1256
246 324
247 248
247 249
247 1791
247 635
248 249
248 250
248 251
248 2144
249 250
249 252
249 2494
249 2133
249 591
249 915
250 251
250 252
250 343
250 1967
250 2321
251 252
251 254
251 1237
251 2115
252 1989
252 1796
252 670
252 2468
253 254
253 255
253 256
253 2824
254 255
254 256
254 257
254 2597
255 256
255 257
255 258
255 2736
256 258
256 999
256 1609
256 1636
257 258
257 259
257 260
257 656
257 1129
257 2686
258 259
258 1049
259 260
259 261
259 1654
260 261
260 262
260 1947
261 262
261 263
261 264
261 335
261 1555
261 1560
262 263
262 264
262 1089
263 264
263 265
263 266
264 265
264 266
264 267
264 1142
265 267
265 313
265 1202
265 482
266 267
266 2701
266 2967
266 1865
266 1957
267 268
267 269
267 270
267 2293
268 269
268 271
268 2660
268 1354
269 270
269 271
269 272
269 2417
270 271
270 272
270 2283
270 889
271 273
271 274
271 772
271 1410
272 273
272 1801
272 2232
272 2235
273 276
273 1811
274 275
274 276
274 2146
274 414
274 2157
275 276
275 277
275 278
276 277
276 278
276 279
276 1008
277 279
277 1212
277 2510
277 344
277 1270
278 1087
278 1732
278 2867
278 2907
279 280
279 281
279 507
279 483
280 281
280 283
280 1600
281 282
281 283
281 284
282 283
282 284
282 285
283 284
283 285
283 877
284 285
284 287
284 593
284 827
285 286
285 287
285 288
286 288
286 289
287 288
287 289
287 290
288 289
288 290
288 291
289 290
289 2232
289 2407
289 603
290 292
290 447
290 874
290 1435
291 292
291 293
291 294
291 1926
291 2066
292 294
292 295
292 2756
293 294
293 438
293 320
293 2071
293 795
294 295
294 296
294 613
295 296
295 297
295 1627
296 297
296 298
296 2295
297 298
297 299
297 300
298 299
298 300
298 301
299 300
299 301
299 1582
299 1014
299 1136
300 301
300 302
300 777
301 302
301 303
301 304
301 993
302 303
302 304
302 305
303 304
303 305
303 306
303 1692
303 2666
304 305
304 1179
304 856
304 1047
304 2593
304 2680
305 306
305 307
305 1724
306 308
306 309
306 778
306 2101
307 308
307 309
307 310
307 1763
308 310
308 311
308 2223
309 311
309 616
310 311
310 313
310 2876
310 1392
311 313
311 314
311 499
311 2712
312 314
312 315
312 2032
313 314
313 315
313 316
313 2925
313 1588
314 315
314 316
314 317
314 2408
315 318
315 333
315 550
315 2412
316 318
316 970
316 585
316 2428
317 318
317 319
317 320
317 942
317 1242
317 1998
318 319
318 320
318 321
318 1624
319 320
319 321
319 2108
319 2367
319 1539
320 322
320 323
320 2259
320 2682
321 322
321 323
321 1859
321 2730
322 325
322 826
322 863
323 324
323 325
323 326
324 326
324 327
325 327
325 378
325 2336
325 2431
326 327
326 329
326 1343
326 1688
327 328
327 2659
327 485
327 2173
328 329
328 330
328 331
328 2480
328 2851
329 331
329 601
329 1503
329 494
330 331
330 332
330 649
330 918
331 332
331 334
331 2578
332 333
332 334
332 335
332 366
333 334
333 335
333 2399
333 1849
334 335
334 336
334 337
334 2086
334 2837
335 337
335 338
335 722
336 337
336 338
336 339
337 338
337 2889
337 617
337 627
338 339
338 340
338 2913
339 341
339 2127
339 1819
339 2229
339 2216
339 934
340 341
340 342
340 343
340 2199
341 343
341 344
341 1066
341 1996
342 343
342 345
342 2631
342 1684
343 344
343 345
343 346
343 1949
343 1360
343 1748
344 345
344 347
344 1453
345 346
345 347
345 1533
346 347
346 348
346 2402
346 1531
347 349
347 357
347 1283
347 2829
348 349
348 351
348 1530
348 642
348 2150
349 350
349 351
349 1232
349 1092
350 352
350 353
350 765
350 662
350 371
351 353
351 354
351 595
352 2405
352 900
352 960
353 354
353 355
353 356
354 356
354 357
354 914
354 2474
355 357
355 358
355 812
356 358
356 423
356 1129
357 359
357 2536
357 2312
358 360
358 2210
358 2609
358 2716
359 362
359 2203
359 1044
360 1052
360 2703
361 362
361 364
361 2278
361 2492
362 363
362 1795
362 1270
363 364
363 1576
363 1780
364 365
364 366
364 367
365 367
365 368
365 1237
365 746
365 982
365 1548
366 1450
366 1304
366 2591
366 1787
366 368
367 368
367 369
367 370
368 370
369 1318
369 1041
370 371
370 372
370 373
370 2755
370 2695
371 2423
372 373
372 374
372 375
372 2660
373 374
373 376
373 1893
373 2586
374 375
374 377
374 876
375 376
375 377
375 2153
375 670
376 377
376 378
376 1903
376 587
377 378
377 379
377 380
377 2618
378 379
378 381
378 2212
378 2727
379 380
379 381
379 2036
379 1255
380 382
380 383
380 940
381 382
381 383
381 2661
382 383
382 384
382 385
383 385
383 386
383 854
383 2601
384 385
384 386
384 387
385 386
385 387
385 388
386 387
386 388
386 389
386 2299
387 388
387 390
387 1265
388 389
388 390
388 393
388 2054
389 390
389 392
390 391
390 393
391 392
391 393
391 394
391 1032
391 1085
391 1946
392 393
392 394
392 1244
392 2051
393 396
393 2253
394 395
394 396
394 397
395 397
395 2684
395 1307
395 1056
396 399
396 1037
396 1522
397 398
397 399
397 400
398 399
398 400
398 401
398 1729
399 400
399 401
399 402
400 401
400 402
400 403
401 402
401 403
401 404
402 476
402 1675
402 1420
402 1273
403 404
403 405
403 406
403 2138
404 406
404 407
404 867
405 406
405 407
405 408
405 1264
405 770
406 407
406 408
406 409
407 408
407 410
407 2020
408 409
408 410
408 1598
408 1207
409 410
409 411
409 1164
410 411
410 412
410 413
410 2789
410 2361
410 1413
410 2344
411 412
411 413
411 414
412 414
412 415
412 1311
412 2869
413 414
413 818
413 765
414 416
414 417
414 2261
415 416
415 417
415 418
415 2943
415 999
416 418
416 419
416 1365
416 1709
417 418
417 419
417 420
417 2535
418 421
418 2360
418 616
418 1467
418 1426
419 420
419 421
419 422
419 895
420 421
420 422
420 423
421 422
421 423
421 424
422 423
422 424
422 425
423 424
423 425
423 426
424 2522
424 604
424 2633
424 2659
424 785
424 1564
425 428
425 1298
425 2933
425 1937
426 428
426 1572
427 428
427 429
427 430
427 2181
427 1588
428 429
428 430
428 431
428 1642
428 1156
429 430
429 431
429 432
429 2271
429 1683
430 431
430 432
430 433
431 432
431 433
431 2781
432 433
432 435
432 1663
432 824
433 434
433 436
433 1465
433 939
434 435
434 436
434 437
434 2984
435 437
435 2942
435 868
436 439
436 1376
436 2849
436 444
437 438
437 2824
437 1173
437 2681
438 441
438 1480
438 1903
439 440
439 442
439 2313
440 441
440 443
440 477
440 2016
440 2888
441 443
441 444
441 2113
441 2900
442 445
442 1128
442 2557
443 444
443 446
443 2219
444 446
444 447
444 1807
444 1757
444 2817
445 2464
445 1891
445 695
445 484
445 1845
446 447
446 448
446 449
447 448
447 449
447 450
447 2237
448 451
448 1795
448 2427
448 2367
448 2598
448 2556
449 451
449 452
449 1097
450 452
450 453
450 2130
451 453
451 454
451 643
451 921
452 453
452 1473
452 1065
452 1988
453 454
453 455
453 456
453 1420
453 2497
454 455
454 456
454 457
454 956
454 2339
455 456
455 457
455 458
456 457
456 458
456 2361
456 1087
457 459
457 460
457 2804
458 459
458 461
458 782
459 460
459 461
459 462
460 462
460 463
460 1091
460 2911
461 462
461 463
461 464
462 464
462 465
462 2251
462 2442
463 465
463 466
463 2381
464 465
464 466
464 467
464 1657
465 466
465 467
465 1165
466 468
466 469
466 864
467 469
467 470
467 731
467 2055
468 469
468 470
468 2215
469 470
469 471
469 472
469 2034
470 471
470 472
470 473
471 474
471 725
472 473
472 474
472 475
473 476
473 1741
473 1178
473 2071
474 475
474 476
474 477
475 476
475 2343
476 477
476 478
476 479
477 480
477 840
477 681
477 2275
478 479
478 481
478 845
478 2718
479 481
479 482
480 481
480 482
480 483
480 2576
481 482
481 483
481 484
482 484
482 485
482 1435
482 2262
483 484
483 485
483 486
483 2182
483 2086
484 485
484 487
485 486
485 488
485 793
486 487
486 488
486 1441
486 1571
486 1382
487 488
487 490
487 1928
488 490
488 491
488 585
489 490
489 492
489 752
489 1411
490 491
490 492
491 492
491 493
491 2533
491 1106
491 1635
492 493
492 2909
492 957
492 621
493 494
493 495
493 2739
494 496
494 2984
494 2835
495 496
495 497
495 498
496 498
496 499
496 1171
497 498
497 499
497 2929
497 2646
498 499
498 500
498 1503
499 1175
499 2208
499 2192
499 1109
500 501
500 502
500 503
501 503
501 504
501 893
502 504
502 1965
502 2258
502 743
502 942
502 1297
503 504
503 505
503 506
504 505
504 507
504 2501
505 506
505 508
505 1332
505 1580
505 1863
506 509
506 2294
507 508
507 510
507 594
507 2240
508 509
508 510
508 511
509 510
509 512
509 2860
510 511
510 512
510 680
511 512
511 513
511 514
511 1922
512 513
512 514
512 2100
513 515
513 1235
513 1604
514 515
514 517
514 562
514 2883
515 516
515 1705
515 1702
516 517
516 518
516 519
517 518
517 520
517 2140
517 924
518 521
518 2878
518 1899
518 1166
519 521
519 522
519 2259
520 521
520 1014
520 2220
520 2340
520 1324
520 1529
520 2389
521 522
521 523
521 524
521 2561
521 2369
522 523
522 524
522 525
523 524
523 525
523 526
524 525
524 526
524 527
524 709
524 2033
525 526
525 527
525 1295
525 1898
525 2067
526 528
526 1638
526 640
526 2358
526 2558
527 528
527 529
527 530
528 529
528 530
528 531
528 641
528 1140
528 1721
528 2043
529 532
529 1788
529 839
530 531
530 532
530 1444
530 1992
531 532
531 533
531 534
532 533
532 534
532 535
532 2318
533 534
533 536
533 1811
534 535
534 537
534 2815
535 536
535 537
535 2739
535 2747
536 538
536 2947
536 1043
536 1098
536 2616
537 538
537 539
537 540
537 2346
538 539
538 671
538 662
538 1272
538 1511
539 540
539 542
539 2559
540 541
540 542
540 543
540 642
541 542
541 543
541 544
542 543
542 544
542 545
543 544
543 545
543 546
543 1418
544 545
544 546
544 547
545 547
545 548
545 637
545 2948
546 547
546 548
546 1690
546 2230
546 2152
547 548
547 550
547 1209
547 2818
548 549
548 550
548 551
548 2245
549 550
549 551
549 1580
550 553
550 2748
550 2569
550 1259
551 552
551 553
551 932
551 715
552 554
552 1365
552 1681
553 554
553 555
553 556
554 555
554 1395
554 2304
554 2001
554 1354
555 556
555 557
555 558
555 771
556 557
556 559
556 2596
556 2832
557 558
557 559
557 2007
557 983
557 1478
557 2062
558 559
558 560
558 561
558 1133
559 560
559 561
559 562
559 1550
560 561
560 562
560 563
561 562
561 2934
561 2170
562 564
562 2815
562 2911
563 565
563 566
563 1338
563 1661
563 2257
564 565
564 567
564 1036
565 566
565 567
565 568
565 2946
566 567
566 569
566 1892
566 1481
567 568
567 569
567 1079
568 569
568 570
568 571
569 570
569 571
569 1387
569 2581
570 571
570 572
570 573
570 1480
571 572
571 574
571 1360
571 1386
572 573
572 575
572 902
573 574
573 575
573 576
573 907
574 2850
574 2282
574 2182
574 1072
575 576
575 2793
575 1501
575 951
576 944
576 1990
577 578
577 1216
577 1115
577 2592
578 579
578 581
578 1948
578 2212
579 580
579 581
579 587
580 582
580 2039
580 2629
580 1557
581 583
581 584
581 2525
581 820
582 583
582 584
582 585
582 2815
583 584
583 585
583 586
584 585
584 1506
584 1463
584 1238
584 2863
584 602
585 588
585 972
585 2812
586 587
586 588
586 589
586 871
586 2026
586 1126
587 590
587 610
588 590
588 2589
588 1565
589 590
589 591
589 1477
589 2741
590 591
590 593
590 2281
591 592
591 594
592 593
592 594
592 595
592 1504
593 595
593 596
593 822
594 595
594 597
595 598
595 1979
595 1768
595 768
596 597
596 1513
596 2334
596 1850
596 2935
596 1682
597 599
597 600
597 2437
598 599
598 600
598 2125
599 600
599 601
599 602
599 1140
599 1591
600 601
600 602
600 603
600 2902
601 602
601 603
601 604
601 1201
601 2265
602 603
602 1718
603 605
603 2985
603 2542
604 605
604 1038
604 2813
605 607
605 608
605 2941
606 607
606 608
606 609
607 608
607 609
607 2629
608 609
608 610
608 611
609 611
609 2184
609 2367
610 611
610 612
610 613
611 612
611 614
611 2631
611 1831
612 615
612 1717
612 2552
613 614
613 615
613 616
613 1956
613 2663
614 615
614 616
614 617
615 616
615 617
615 618
616 2010
616 1629
616 2829
616 1496
617 618
617 619
617 1395
618 619
618 1548
618 2003
618 950
619 620
619 621
619 622
620 621
620 623
620 1674
620 2559
621 622
621 623
621 1908
622 623
622 624
622 1630
622 2624
623 624
623 625
623 626
624 625
624 626
624 627
625 626
625 627
625 628
626 627
626 628
626 1714
627 628
627 629
627 630
627 2267
627 2917
628 629
628 630
628 631
628 1199
629 631
629 632
629 667
630 632
630 633
630 2903
631 632
631 634
631 2737
632 633
632 634
632 947
633 634
633 635
633 636
633 2110
634 1538
634 2928
634 1805
634 2926
634 2573
635 636
635 637
635 2319
635 2463
636 637
636 638
636 639
636 2491
636 2797
637 638
637 639
637 640
637 1677
637 2794
638 641
638 650
638 2578
639 640
639 641
639 642
639 1794
639 2310
640 641
640 1034
640 2966
641 643
641 644
642 643
642 644
643 645
643 646
643 2931
644 645
644 646
644 647
645 646
645 648
646 647
646 648
646 649
646 1545
646 878
647 649
647 650
647 2893
648 650
648 651
648 1055
649 650
649 652
650 652
650 1026
650 1764
650 1111
651 652
651 653
651 654
651 1022
651 2444
652 653
652 654
652 655
652 1534
653 654
653 655
653 656
654 655
654 656
654 657
655 656
655 893
655 823
655 836
656 659
656 1521
657 658
657 659
657 660
658 659
658 660
659 660
659 661
659 1566
659 1382
660 661
660 662
660 663
661 662
661 663
661 1802
661 1813
662 2953
662 2903
663 664
663 665
663 666
663 2890
663 1594
664 665
664 666
664 667
664 1070
665 666
665 667
665 668
665 1149
666 668
666 669
666 817
666 1847
667 670
667 936
668 669
668 2715
668 2722
669 671
669 672
669 1872
670 671
670 673
671 672
671 674
671 2195
671 1775
672 673
672 675
672 2091
672 836
672 1285
673 674
673 676
673 1026
673 2737
673 726
673 728
674 675
674 2514
674 1259
675 676
675 678
675 1578
675 2045
676 679
676 2822
676 1476
677 678
677 680
677 1872
677 1943
678 679
678 2102
679 680
679 681
680 681
680 682
680 932
680 1855
681 683
681 684
681 2886
682 683
682 684
682 685
683 684
683 686
683 1319
684 685
684 686
684 687
684 788
685 687
685 688
685 2207
686 688
686 2559
686 1332
687 689
687 2169
687 1447
687 1612
687 2317
687 2938
688 689
688 690
688 691
688 1375
689 692
689 753
689 1967
689 973
690 2419
690 1068
691 692
691 694
691 1624
691 1511
692 693
692 694
692 695
692 1007
693 695
693 696
693 743
694 695
694 696
694 697
694 1472
695 696
695 2754
696 697
696 698
696 699
696 1225
696 2209
697 698
697 699
697 1447
697 1750
698 699
698 700
698 701
698 764
699 700
699 702
699 2855
700 701
700 810
700 1115
701 702
701 704
701 2079
701 751
701 754
701 2372
702 703
702 704
702 705
703 704
703 705
703 706
703 1525
704 706
704 707
704 1998
705 706
705 708
705 2505
706 707
706 708
706 709
706 2533
707 709
707 1228
707 2444
707 2567
708 1013
708 1599
708 2826
708 1875
708 2001
709 711
709 2726
709 751
710 711
710 712
710 1942
711 712
711 713
711 714
712 715
712 2254
712 2764
713 716
713 2747
713 2845
714 716
714 717
714 2939
714 1172
715 717
715 1558
715 2095
715 2946
716 717
716 718
716 719
716 2344
717 718
717 719
717 720
718 719
718 720
718 1922
719 722
719 1596
719 1927
719 875
720 721
720 723
720 1171
720 1727
720 868
720 1414
721 722
721 723
721 1777
722 723
722 725
722 1759
723 724
723 725
723 726
723 2923
723 2391
724 726
724 727
724 1117
725 726
725 727
725 2214
725 2716
726 727
726 729
726 2187
726 1245
726 2453
727 729
727 1046
727 1525
728 729
728 731
728 2392
729 731
729 732
729 2061
729 2941
730 731
730 732
730 1312
730 956
731 732
731 733
731 734
732 733
732 735
732 765
733 734
733 735
733 2866
734 735
734 736
734 737
735 736
735 1481
735 2414
735 2527
735 2560
736 737
736 739
736 2877
736 2533
737 738
737 739
737 1924
737 1624
738 739
738 740
738 741
739 740
739 742
739 1547
739 2484
740 741
740 742
740 743
740 1325
741 742
741 743
741 744
741 1792
742 743
742 745
742 2660
743 744
743 745
743 746
744 746
744 747
744 1819
744 1272
745 746
745 747
745 748
746 747
746 749
746 832
747 748
747 749
747 1346
748 749
748 751
749 750
749 751
749 752
750 751
750 752
750 753
750 2135
751 752
751 1395
752 753
752 754
752 755
753 755
753 756
754 755
754 2043
754 2265
755 756
755 758
755 1339
755 1959
755 2587
756 758
756 759
756 1995
757 758
757 759
757 760
758 759
758 760
758 761
758 2393
759 761
759 2166
759 2448
759 1428
760 1697
760 941
760 977
761 762
761 763
761 764
761 2715
762 765
762 1013
763 764
763 766
764 766
764 767
764 2193
765 766
765 767
765 768
765 2286
766 767
766 768
766 769
766 1608
767 768
767 769
767 770
767 2357
768 769
768 770
768 771
768 2965
769 770
769 771
769 772
770 773
770 2082
771 772
771 978
772 773
772 774
772 775
773 775
773 1384
773 1219
774 775
774 777
774 2891
775 778
775 846
775 1703
776 777
776 779
776 1946
777 778
777 779
777 780
777 916
778 780
778 781
779 781
779 782
779 909
779 2810
779 2893
780 781
780 782
780 783
781 783
781 1771
781 2515
781 1734
781 2758
782 783
782 784
782 2345
782 2671
783 784
783 786
783 788
783 1985
783 2615
784 785
784 786
784 787
784 2379
785 787
785 788
785 2549
785 1209
785 2055
786 787
786 789
786 2240
787 788
787 789
787 790
788 790
788 791
789 790
789 791
789 2015
789 1518
790 791
790 792
790 2729
791 793
791 794
791 1961
792 793
792 794
792 795
792 2138
793 1560
793 1651
793 2621
794 795
794 2108
794 2640
794 821
795 1419
795 1089
795 1677
795 2542
796 797
796 798
796 799
797 798
797 800
797 1194
798 799
798 800
798 801
799 800
799 801
799 802
799 2040
800 801
800 803
801 803
801 2655
801 2778
801 1660
802 803
802 804
802 805
803 804
803 805
803 1516
803 1710
804 805
804 806
804 807
805 806
805 807
805 808
806 808
806 809
806 1590
806 1641
806 1092
807 808
807 2039
808 809
808 810
808 1421
808 2457
808 2197
809 810
809 811
809 893
809 2343
810 811
810 812
810 813
810 920
810 890
811 812
811 813
811 1335
811 1616
811 2277
812 2794
812 1494
812 1802
813 814
813 816
813 2617
814 815
814 816
814 2618
814 1091
815 817
815 818
815 2298
815 2356
815 2816
816 817
816 819
817 818
817 819
817 821
817 1556
817 1481
818 819
818 820
818 821
818 1949
819 822
819 1797
819 1333
819 1172
819 2229
820 822
820 823
821 822
822 2041
823 824
823 825
823 2274
824 826
824 827
824 1832
825 827
825 828
825 1510
825 1445
826 827
826 828
826 829
827 828
827 829
827 830
827 995
827 1406
828 829
828 830
828 831
829 830
829 831
829 832
829 1888
830 831
830 832
830 833
831 832
831 833
831 834
831 1686
832 834
832 835
832 2554
833 834
833 835
833 1839
834 836
834 837
834 2520
835 836
835 837
835 838
835 1984
836 837
836 838
837 838
837 839
837 1405
838 840
838 841
838 1484
838 2504
838 2636
838 1580
839 840
839 841
840 841
840 843
840 960
841 842
841 843
841 844
842 843
842 844
842 1511
842 1266
842 2365
843 844
843 845
843 846
843 1179
844 846
844 1033
844 1071
844 2541
845 847
845 848
845 1340
845 2516
845 1604
846 847
846 848
846 1150
847 848
847 850
847 2565
848 849
848 850
848 1431
848 1729
849 850
849 851
849 852
849 1292
850 853
850 1394
850 2980
850 1631
851 852
851 853
851 927
852 853
852 854
852 855
853 854
853 855
853 856
853 1001
854 855
854 856
854 1511
855 856
855 857
855 865
855 2802
856 857
856 858
856 859
857 858
857 859
857 860
857 2921
858 861
858 2629
858 1375
859 860
859 861
859 862
859 1328
860 861
860 862
860 2880
861 862
861 863
861 864
861 1297
861 1245
862 864
862 2636
862 1956
863 864
863 865
863 866
864 865
864 866
864 2941
864 1627
865 1062
865 2757
865 2328
866 867
866 868
866 869
866 1600
866 2450
866 2605
867 869
867 870
867 1581
867 1396
868 869
868 2106
869 870
869 871
869 2656
870 871
870 873
870 1127
870 1931
871 1545
871 1788
872 875
872 2636
872 1482
873 874
873 2642
873 1119
873 2217
874 875
874 876
874 1447
875 876
875 877
876 877
876 878
876 937
877 878
877 879
877 880
878 880
878 1685
878 1326
879 881
879 882
879 1901
880 882
880 2882
880 1100
881 882
881 883
881 884
881 1868
882 883
882 2359
882 1049
883 884
883 885
883 886
884 886
884 887
884 2364
885 886
885 887
885 888
885 1081
886 887
886 888
886 889
886 1490
887 888
887 889
887 890
888 889
888 890
888 891
888 1493
889 890
889 891
890 891
890 892
891 892
891 893
891 894
891 1901
892 893
892 895
892 2722
892 2879
892 2510
892 1046
893 896
893 1546
893 1118
893 1907
893 901
894 895
894 896
894 897
895 896
895 897
895 2052
896 897
896 898
896 899
897 898
897 899
897 900
898 899
898 900
898 901
899 900
899 901
899 902
900 901
900 2735
900 2639
901 903
901 1390
901 1920
902 903
902 904
902 905
903 905
903 906
903 2923
904 905
904 906
904 907
905 906
905 908
905 1143
905 1370
905 2947
906 907
906 908
906 2740
907 908
907 2235
907 2751
908 909
908 1027
908 2029
909 910
909 911
909 912
909 2967
910 911
910 913
910 2429
911 912
911 914
911 1073
912 913
912 914
912 915
913 914
913 916
913 2803
914 915
914 916
914 2072
915 916
915 917
915 1691
915 2606
916 919
916 1767
916 1299
917 919
917 920
917 2325
917 1911
918 919
918 920
918 921
918 922
918 2925
918 1905
919 920
919 921
919 2256
919 2544
920 921
920 923
920 2990
921 922
921 924
922 924
922 925
922 1709
923 924
923 925
923 926
923 2497
924 925
924 926
924 1870
925 926
925 928
926 927
926 928
926 929
927 928
927 929
927 930
928 929
928 930
928 2196
929 931
929 932
929 1800
930 931
930 2811
930 1755
931 932
931 933
931 1820
931 1897
932 2901
932 1499
932 1935
933 935
933 936
933 2037
934 935
934 936
934 937
935 937
935 938
935 2134
936 937
936 938
936 939
937 938
937 939
937 940
937 1498
938 941
938 2509
938 1711
939 940
939 941
939 1958
939 1578
940 941
940 1813
940 2610
940 2105
941 943
941 944
941 1797
942 943
942 2778
943 944
943 945
943 946
944 945
944 947
944 2620
944 1740
945 946
945 947
945 948
946 947
946 948
946 949
946 1546
946 1007
946 2503
947 948
947 949
947 950
948 950
948 951
949 950
949 952
949 1576
949 2621
949 2800
950 951
950 952
950 953
950 2725
951 952
951 1239
951 2157
952 953
952 954
952 955
952 2416
953 954
953 955
953 2909
954 955
954 956
954 957
955 956
955 958
955 966
955 1837
956 958
957 958
957 959
957 960
957 1656
958 959
958 960
958 961
958 2866
959 960
959 962
959 1375
960 962
960 963
960 1512
961 962
961 1159
961 1744
962 964
962 965
962 1560
963 964
963 965
963 966
963 2508
964 965
964 967
964 1258
965 966
965 967
965 968
965 1287
966 967
966 969
967 968
967 969
967 970
968 969
968 970
968 971
969 970
969 971
969 2811
970 973
970 1554
971 972
971 973
971 974
971 2244
972 973
972 974
972 975
973 974
973 975
973 976
973 1585
973 2260
974 975
974 2163
975 1917
975 2761
976 977
976 979
976 2831
976 2290
977 978
977 979
977 980
977 1954
978 979
978 980
978 2878
978 2081
979 982
979 2580
979 2003
979 2424
980 982
980 983
980 2331
980 1727
980 1295
981 983
981 984
981 2233
981 2283
982 1753
983 985
983 986
983 1122
983 2155
984 985
984 986
984 1211
985 987
985 988
985 1489
986 988
986 989
986 1824
986 1927
987 988
987 989
987 990
987 1844
988 989
988 990
988 991
989 991
989 1449
989 2590
989 2663
989 1823
989 1791
990 991
990 992
990 1351
991 992
991 993
991 994
991 1579
991 2583
992 993
992 994
992 995
992 1079
993 994
993 996
994 995
994 996
994 997
995 1610
995 1168
995 1275
996 997
996 998
996 999
997 998
997 999
997 1000
997 2556
998 999
998 1000
998 1001
998 1910
999 1000
999 1001
1000 1002
1000 1003
1000 1868
1000 2867
1001 1004
1001 1312
1001 1208
1002 1003
1002 1004
1002 1005
1003 1004
1003 2456
1003 2802
1003 1164
1004 1005
1004 1006
1004 1007
1004 1831
1005 1006
1005 1007
1005 2821
1006 1878
1006 2134
1006 1462
1007 1008
1007 2853
1008 1009
1008 1010
1009 1011
1009 1012
1009 1092
1009 2948
1010 1011
1010 1012
1010 1013
1010 1902
1011 1013
1011 1014
1011 2292
1012 1013
1012 1014
1012 1015
1013 1014
1013 1015
1013 1016
1014 1016
1014 1017
1015 1016
1015 1017
1015 1018
1016 1017
1016 1256
1017 1019
1017 1020
1017 2927
1018 1019
1018 1020
1018 1021
1019 1020
1019 1021
1019 1022
1020 1021
1020 1022
1020 1023
1021 1023
1021 1024
1021 2625
1022 1024
1022 2277
1023 1024
1023 2676
1023 1433
1024 1025
1024 1026
1024 1027
1025 1026
1025 1027
1025 1028
1025 1073
1026 2502
1026 2407
1026 1834
1027 1028
1027 1029
1027 1030
1027 2411
1028 1031
1028 2563
1028 1301
1028 2375
1029 1030
1029 1031
1029 1977
1029 2241
1030 1031
1030 2258
1030 2369
1031 1032
1031 1033
1031 1034
1032 1033
1032 1035
1033 1034
1033 1036
1034 1035
1034 1036
1034 1037
1034 2949
1035 1036
1035 1037
1035 1899
1035 2101
1036 1037
1036 1039
1036 1485
1037 1039
1037 1810
1037 1141
1038 1040
1038 2711
1038 2910
1038 1333
1039 1040
1039 1042
1039 2723
1039 1932
1040 1041
1040 1042
1040 1043
1041 1042
1041 1043
1041 1044
1042 1043
1042 1045
1042 2599
1043 1044
1043 1046
1043 1449
1043 2515
1044 1045
1044 1046
1044 1047
1044 2522
1045 1046
1045 1047
1045 1048
1045 2742
1046 1047
1046 1049
1047 1048
1047 1050
1048 1050
1048 1051
1048 1649
1048 1161
1049 1052
1049 2272
1049 1135
1050 1051
1050 1053
1050 2868
1051 1053
1051 1054
1051 1561
1051 2067
1052 1053
1052 1054
1052 1055
1053 1054
1053 1055
1053 1637
1053 2620
1054 1055
1054 1057
1054 1089
1055 1057
1055 2787
1055 2166
1056 1057
1056 1058
1056 1313
1056 2191
1057 1060
1057 2581
1057 1137
1058 1059
1058 1060
1058 1061
1058 2645
1059 1060
1059 1061
1059 1062
1059 1804
1060 1062
1060 2451
1061 1062
1061 1063
1061 1064
1061 1835
1061 1639
1062 1064
1062 1065
1063 1064
1063 1065
1063 1775
1063 2126
1064 1066
1064 1067
1064 1922
1064 1511
1064 2527
1065 1066
1065 1067
1065 1068
1066 1068
1066 2567
1066 2474
1067 1069
1067 1070
1067 2177
1067 2134
1068 1070
1068 2915
1068 1532
1068 1897
1068 1655
1069 1070
1069 1071
1069 1072
1070 1072
1070 2109
1070 2424
1071 1072
1071 1073
1071 1626
1071 2424
1071 2088
1072 1073
1072 1074
1072 1075
1073 1075
1073 1076
1074 1075
1074 1077
1074 2100
1075 1078
1075 2823
1075 1220
1076 1077
1076 1078
1076 1286
1077 1078
1077 1079
1077 1305
1078 1079
1078 1080
1078 1081
1078 2213
1079 1080
1079 1380
1079 2618
1080 1081
1080 1082
1080 1083
1081 1083
1081 1276
1081 1953
1082 1083
1082 1084
1082 1085
1082 2781
1083 1084
1083 1085
1083 1086
1083 1939
1084 1085
1084 1087
1084 1566
1084 1346
1085 1086
1085 1087
1086 1088
1086 1089
1086 2306
1086 2260
1086 1404
1087 1088
1087 1090
1087 1317
1087 1226
1088 1089
1088 1090
1088 1091
1088 1722
1088 2681
1089 1091
1089 1092
1090 1091
1090 1092
1090 1093
1091 1092
1091 1093
1091 2952
1092 1093
1093 1094
1093 1096
1093 2532
1094 1095
1094 1096
1094 1097
1095 1096
1095 1097
1095 1627
1095 1912
1095 1104
1096 1097
1096 1098
1096 1099
1097 1098
1097 1100
1097 2006
1097 2419
1098 1099
1098 1101
1099 1523
1099 1809
1099 2025
1099 2622
1099 2076
1099 2169
1100 1101
1100 1102
1100 2384
1100 1221
1101 1102
1101 1103
1101 2965
1102 1103
1102 1105
1102 1526
1102 2636
1103 1104
1103 1106
1103 2690
1104 1105
1104 1106
1104 1107
1105 1106
1105 1107
1105 1108
1105 1508
1106 1107
1106 1109
1106 2432
1106 2756
1107 1108
1107 1110
1107 1215
1108 1109
1108 1110
1108 1568
1109 1110
1109 1111
1109 1112
1109 1687
1110 1111
1110 1112
1110 1113
1111 1112
1111 1113
1112 1113
1112 1114
1112 1115
1112 2269
1112 1271
1112 2932
1113 1116
1113 2816
1113 1887
1114 1115
1114 1116
1114 1117
1114 2724
1114 2016
1115 1116
1115 1117
1115 1118
1116 1117
1116 1119
1116 2122
1116 2753
1116 2678
1117 1119
1117 2141
1117 1132
1117 2273
1117 2926
1117 1708
1118 1120
1118 1121
1118 1604
1118 1351
1119 1121
1119 1662
1119 1582
1119 2277
1120 1121
1120 1122
1120 1123
1121 1122
1121 1123
1121 1124
1121 1712
1121 1627
1122 1124
1122 1125
1122 1275
1122 2571
1123 1124
1123 1125
1123 1126
1124 1126
1124 1707
1124 2298
1125 1128
1125 1218
1125 1276
1126 1128
1126 2479
1127 1129
1127 1130
1127 2671
1128 1129
1128 1130
1128 1131
1129 1130
1129 1132
1130 1131
1130 1132
1130 2462
1130 2850
1131 1132
1131 1133
1131 1134
1132 1135
1132 1929
1132 1697
1133 1134
1133 1136
1134 1135
1134 1136
1134 1137
1134 2926
1135 1138
1135 2725
1135 2222
1135 2247
1135 2953
1136 1138
1137 1138
1137 1139
1137 1140
1138 1139
1138 1140
1138 1141
1139 1140
1139 1141
1139 1142
1139 2521
1140 1142
1140 1785
1140 1246
1141 1142
1141 1143
1141 1144
1142 1143
1142 2141
1143 1145
1143 1146
1143 1601
1144 1145
1144 1146
1144 1147
1145 1146
1145 1147
1145 1148
1145 2025
1146 1147
1146 1148
1146 1149
1147 1148
1147 1149
1147 1150
1148 1150
1148 1151
1148 1507
1148 1341
1148 1680
1149 1150
1149 1151
1150 1151
1150 1152
1150 1153
1150 1770
1151 1152
1151 1153
1151 1154
1152 1155
1152 2120
1152 1878
1153 1155
1153 1156
1153 2485
1153 1583
1154 1155
1154 1156
1154 1243
1154 1250
1155 1156
1155 1157
1155 2032
1155 1701
1155 2061
1156 1157
1156 1159
1157 1158
1157 1159
1157 2392
1158 1159
1158 1160
1158 1412
1159 1160
1159 1161
1159 1162
1160 1161
1160 1162
1160 1163
1161 1162
1161 1163
1162 1163
1162 1164
1162 1270
1162 2041
1163 1166
1163 2636
1163 2511
1163 2850
1164 1165
1164 1166
1164 1167
1164 2498
1165 1167
1165 1168
1165 2984
1166 1167
1166 1169
1167 1168
1167 1169
1167 1170
1168 1170
1168 1171
1169 1170
1169 1171
1169 1172
1170 1171
1170 1172
1170 1173
1171 1173
1171 1174
1171 2681
1172 1174
1172 2828
1173 1174
1173 1175
1173 1176
1174 1175
1174 1176
1174 1325
1174 2561
1175 1177
1175 1178
1175 1382
1176 1177
1176 1179
1176 1603
1177 1178
1177 1179
1177 2025
1178 1179
1178 1181
1178 1450
1178 2936
1179 1181
1180 1181
1180 1182
1180 1183
1180 2204
1181 1183
1181 1184
1181 1922
1182 1183
1182 1184
1182 1185
1183 1184
1183 1186
1183 2029
1183 2003
1184 2041
1184 2455
1185 1186
1185 1188
1186 1187
1186 1188
1186 1702
1186 1218
1187 1189
1187 1190
1187 1789
1187 2963
1188 1189
1188 1190
1188 2169
1189 1190
1189 1191
1189 1192
1190 1191
1190 1192
1190 1193
1191 1192
1191 1194
1191 2848
1192 1193
1192 1194
1192 1195
1193 1194
1193 1195
1193 1196
1194 1197
1194 2432
1194 1682
1194 2360
1195 1198
1195 2180
1196 1197
1196 2916
1196 2688
1197 1198
1197 1200
1197 2651
1197 2571
1197 1441
1197 2985
1198 1199
1198 1200
1198 1201
1199 1200
1199 2161
1200 1201
1200 1202
1200 2380
1200 1430
1201 1203
1201 1204
1201 2391
1202 1204
1202 1205
1203 1204
1203 1205
1203 1206
1204 1205
1204 1206
1204 1207
1204 1479
1205 1206
1205 1207
1205 1208
1206 1207
1206 1208
1206 1209
1206 2078
1207 1208
1207 1209
1207 1741
1208 1211
1208 1526
1208 1438
1209 1211
1209 1212
1209 2311
1209 2286
1210 1211
1210 1212
1210 2018
1210 2913
1210 2952
1211 1213
1211 1214
1211 1326
1212 1213
1212 1215
1212 2268
1213 1214
1213 1215
1213 1216
1214 1215
1214 1216
1214 1217
1215 1216
1215 1218
1215 2734
1216 1218
1216 1219
1216 2380
1217 1218
1217 1219
1217 2269
1218 1220
1218 1221
1218 2308
1218 1761
1219 1222
1219 1452
1219 2116
1219 2620
1220 1222
1220 1223
1220 1224
1220 1512
1221 1222
1221 1223
1221 1224
1222 1223
1222 1224
1222 1225
1223 1224
1223 1225
1223 1226
1224 1225
1224 1226
1224 1227
1225 1227
1225 1228
1226 2894
1226 2027
1226 2014
1227 1228
1227 1229
1227 1230
1228 1229
1228 1230
1228 1231
1229 1230
1229 1231
1229 2335
1229 1431
1229 1538
1230 1231
1230 1232
1230 1233
1231 1232
1231 1233
1231 2429
1232 1233
1232 1234
1233 1234
1233 1236
1233 2609
1233 2272
1234 1235
1234 1236
1234 1901
1234 1440
1235 1236
1235 1237
1235 1238
1235 1683
1235 2298
1235 2534
1236 1237
1236 1238
1236 1239
1237 1238
1237 1239
1237 1240
1237 1812
1238 1241
1238 1710
1238 2403
1239 1241
1239 1242
1240 2019
1240 1814
1241 1242
1241 1243
1241 1244
1241 2622
1242 1243
1242 1245
1242 1986
1242 1927
1243 1246
1243 1287
1244 1245
1244 1247
1245 1246
1245 2879
1246 1247
1246 1248
1247 1248
1247 1249
1247 1250
1247 2679
1247 2983
1248 1250
1248 1251
1248 2534
1249 1250
1249 1251
1249 1252
1250 1251
1250 1253
1250 2199
1251 1252
1251 1254
1251 2239
1251 2814
1252 1254
1252 2933
1252 2692
1253 1254
1253 1255
1253 1256
1254 1255
1254 1256
1254 1257
1255 1256
1255 1257
1255 1258
1256 1257
1256 1258
1256 1259
1257 1258
1257 1260
1257 1356
1258 1259
1258 1260
1258 1261
1258 1979
1259 1261
1259 1977
1260 1261
1260 1262
1260 1263
1261 1262
1261 1263
1261 1264
1262 1263
1262 1264
1262 1265
1262 1559
1262 2761
1263 1264
1263 1265
1263 1266
1264 1266
1264 1267
1265 1266
1265 1268
1265 1622
1265 2289
1266 1422
1266 2902
1266 1907
1267 1269
1267 1270
1267 2954
1268 1269
1268 1616
1268 2129
1268 1939
1269 1270
1269 1271
1270 1272
1270 2627
1271 1272
1271 2684
1272 1382
1272 2250
1273 2920
1273 2070
1273 2981
1274 1275
1274 1276
1274 1277
1275 1276
1275 1278
1276 1277
1276 1278
1276 1279
1277 1279
1277 1280
1277 1281
1277 2251
1278 1280
1278 2713
1279 1281
1279 1282
1279 2501
1280 1281
1280 1282
1280 1283
1281 1282
1281 1284
1281 1461
1281 2579
1282 1284
1282 2650
1283 1285
1283 1329
1283 2731
1284 1285
1284 1286
1284 1287
1285 1286
1285 1288
1285 2905
1286 1287
1286 1288
1286 1289
1287 1288
1288 1290
1288 1291
1288 2905
1288 2102
1289 1290
1289 1291
1289 2759
1289 2870
1290 1291
1290 1292
1290 1293
1290 1322
1291 1292
1291 1294
1291 1383
1292 1295
1292 1870
1292 2769
1293 1294
1293 1295
1293 1296
1293 1357
1294 1296
1294 1297
1294 1373
1295 1298
1295 1405
1296 1297
1296 1298
1296 1314
1297 1299
1298 1299
1298 1301
1298 1973
1299 1300
1299 1301
1299 2690
1300 1301
1300 1302
1300 1303
1300 1404
1301 1303
1301 1304
1302 1303
1302 1305
1302 1744
1303 1305
1303 2058
1303 2137
1303 2788
1304 1560
1304 1895
1305 1306
1305 1307
1305 1308
1306 1307
1306 1308
1306 1309
1307 1308
1307 1309
1307 1310
1308 1309
1308 1310
1308 1311
1309 1310
1309 1311
1309 2597
1309 1437
1310 1311
1310 1559
1310 1832
1311 1312
1311 1313
1311 1314
1311 2416
1312 1313
1312 1314
1312 1315
1313 1316
1313 1950
1314 1315
1314 1316
1314 1317
1314 2704
1315 1316
1315 1317
1315 1318
1316 1317
1316 1318
1316 1319
1316 1363
1316 2608
1316 1335
1316 2627
1317 1318
1317 1319
1317 1320
1318 1319
1318 1320
1318 1321
1319 1320
1319 1321
1319 1322
1319 2411
1319 2929
1320 1322
1320 1929
1320 1481
1321 1322
1321 1679
1321 1789
1322 1323
1322 1324
1323 1324
1323 1325
1323 1326
1323 2997
1324 1325
1324 1326
1324 1327
1325 1326
1325 1384
1326 1327
1326 1328
1327 1329
1327 1330
1327 1950
1328 1329
1328 1975
1329 1330
1329 1331
1329 1332
1330 1331
1330 1332
1330 1333
1331 1332
1331 1952
1331 1460
1331 2161
1332 1334
1332 1451
1333 1552
1334 1336
1334 1337
1334 1957
1335 1336
1336 1337
1336 1338
1336 2633
1337 1338
1337 1339
1337 1340
1337 1994
1338 1340
1338 1341
1338 1730
1339 1341
1339 1421
1339 2614
1340 1342
1340 1343
1341 1342
1341 1344
1341 2195
1341 2771
1342 1343
1342 1344
1342 1503
1343 1344
1343 1346
1344 1345
1344 1346
1344 1347
1345 1346
1345 1347
1345 1511
1346 1347
1346 1349
1346 1723
1346 2373
1347 1350
1347 1620
1347 2076
1348 1350
1348 1351
1348 2665
1349 1350
1349 1351
1349 1352
1350 1351
1350 1352
1350 1353
1351 1757
1351 2434
1352 1354
1352 1355
1352 2028
1353 1354
1353 1355
1353 1356
1353 1877
1354 1356
1354 2898
1354 2959
1355 1356
1355 1357
1355 1358
1356 1357
1356 1359
1357 1358
1357 1360
1358 1360
1358 1361
1358 1889
1359 1360
1359 1362
1359 2418
1360 1363
1360 2860
1361 1364
1361 2390
1361 2176
1362 1364
1362 1365
1362 2697
1363 1364
1363 1366
1363 1439
1364 1365
1364 1366
1364 1367
1365 1368
1365 2367
1365 2669
1366 1367
1366 2809
1367 1368
1367 1369
1367 1370
1367 1415
1368 1370
1368 1371
1368 2522
1368 1492
1368 2268
1369 1370
1369 1371
1369 1372
1370 1371
1370 1373
1370 2346
1371 1373
1371 1374
1371 2473
1371 2970
1372 1373
1372 1374
1372 1375
1372 1963
1373 1374
1373 1375
1373 1376
1374 1376
1374 1377
1374 1937
1374 2952
1375 1377
1375 1378
1376 1378
1376 1379
1376 2356
1377 1378
1377 1379
1377 1380
1378 1379
1378 1380
1378 2379
1378 1441
1379 1380
1379 1381
1379 1382
1380 1382
1380 1383
1381 1382
1381 1384
1381 2395
1382 1383
1382 1449
1383 1385
1383 1386
1383 2263
1383 1432
1383 1521
1383 2618
1384 1387
1384 2330
1385 1387
1385 1388
1385 1723
1386 1387
1386 1389
1386 2211
1387 1388
1387 2093
1387 2637
1388 1389
1388 1390
1388 1391
1389 1390
1389 1392
1389 2342
1389 2549
1389 2556
1390 1391
1390 1393
1390 1821
1391 1393
1391 2848
1391 1948
1391 2924
1392 1393
1392 1394
1393 1394
1393 1395
1393 1396
1394 1397
1394 1900
1394 2228
1395 1397
1395 1398
1396 1397
1396 2818
1396 2830
1396 1778
1397 1398
1397 1399
1397 1400
1398 1399
1398 1400
1398 1401
1398 1552
1398 2184
1399 1400
1399 1401
1399 1402
1400 1401
1400 1402
1400 1403
1401 1402
1401 1403
1401 1404
1402 1404
1402 1405
1402 2221
1403 1404
1403 1406
1404 1406
1405 1406
1405 1408
1406 2231
1406 1565
1407 1408
1407 1409
1407 1410
1408 1409
1408 1411
1408 2726
1409 1410
1409 1411
1409 1412
1409 2377
1410 1412
1410 1413
1410 2326
1411 1412
1411 1413
1411 1763
1411 2462
1412 1413
1412 1414
1412 1415
1412 2697
1413 1414
1413 1415
1413 1838
1414 1415
1414 1417
1415 1416
1415 1417
1416 1417
1416 1419
1416 1955
1416 2830
1417 1418
1417 1419
1417 1420
1417 1653
1417 1930
1418 1421
1418 2851
1418 2719
1419 1420
1419 1421
1419 1422
1419 2685
1420 1422
1420 1423
1421 1423
1421 1424
1422 1423
1422 1424
1422 1425
1422 2487
1423 1424
1423 1425
1423 1426
1423 1728
1424 1425
1424 1426
1424 1427
1425 1426
1425 1428
1425 2446
1426 1427
1426 2804
1426 1983
1427 1428
1427 1429
1427 1430
1427 2664
1428 1429
1428 1430
1429 1430
1429 1432
1429 1848
1429 1642
1430 1431
1430 1432
1430 1433
1430 2841
1430 2223
1431 1432
1432 1433
1432 1434
1433 1434
1433 1435
1433 2736
1433 2933
1434 1436
1434 1927
1435 1436
1435 1437
1435 2282
1435 1775
1435 2536
1436 1437
1436 2212
1436 1686
1437 1438
1437 1439
1437 2951
1437 2792
1438 1440
1438 1441
1438 1686
1439 1440
1439 1442
1439 2327
1440 1441
1440 1442
1441 1442
1442 1443
1442 1444
1442 1445
1442 1696
1443 1444
1443 1445
1443 1446
1443 2972
1444 1447
1444 1607
1445 1446
1445 1447
1446 1447
1446 1448
1446 1449
1447 2707
1447 2325
1448 1449
1448 1450
1448 1451
1449 1451
1449 1452
1450 1451
1450 1452
1450 1453
1450 1738
1451 1452
1451 1453
1451 1454
1451 2338
1452 1453
1452 1454
1452 1455
1453 1455
1453 1456
1454 1455
1454 1456
1454 1457
1454 2833
1455 1456
1455 1457
1455 1458
1456 1458
1456 1459
1457 1458
1457 1459
1457 1460
1458 1460
1458 1461
1458 2922
1459 1460
1459 1461
1459 2999
1459 2300
1460 1461
1460 1462
1460 1463
1461 1462
1461 1464
1461 1689
1462 1463
1462 1464
1462 1465
1463 1464
1463 1466
1463 2391
1464 1466
1464 1467
1464 2932
1465 1467
1465 1468
1466 1467
1466 1468
1466 1469
1467 1469
1467 1470
1468 1471
1468 1904
1468 1476
1468 2212
1469 1471
1469 1472
1469 2831
1469 2050
1470 1471
1470 1472
1470 1473
1471 1472
1471 1473
1471 1474
1471 2934
1471 2154
1472 1474
1472 1475
1473 1474
1473 1475
1473 1476
1473 2291
1474 1475
1474 1476
1474 1477
1475 1476
1475 1477
1475 1478
1476 1477
1476 1478
1476 1479
1477 1478
1477 1480
1478 1479
1478 1480
1479 1482
1479 2004
1480 1481
1480 1483
1481 1482
1481 1483
1482 1483
1482 1484
1482 1485
1483 1484
1483 1485
1483 1486
1483 1527
1484 1486
1484 1487
1484 2975
1485 1487
1485 1488
1486 1487
1486 1488
1486 1489
1487 1488
1487 1489
1487 1490
1487 2870
1488 1490
1488 1491
1488 1664
1488 2792
1489 1490
1489 1491
1489 1838
1490 1491
1490 1492
1491 1492
1491 1493
1492 1493
1492 1494
1492 1875
1493 1494
1493 1495
1494 1495
1494 1496
1494 1497
1495 1496
1495 1497
1495 1498
1496 1497
1496 2958
1497 1498
1497 1499
1497 1500
1498 1500
1498 1501
1499 1501
1499 2825
1499 2214
1500 1501
1500 1503
1500 2308
1501 1502
1501 1503
1501 1504
1502 1503
1502 1504
1502 1505
1503 1504
1503 1505
1503 1506
1504 1505
1504 1507
1505 1506
1505 1507
1505 1508
1506 1508
1506 1524
1506 1905
1506 2178
1507 1508
1507 1509
1507 1510
1507 1797
1508 1509
1508 1699
1508 2562
1509 1510
1509 1511
1509 1512
1510 1512
1510 1513
1510 2327
1512 1514
1512 1515
1513 2775
1513 2036
1513 1813
1514 1515
1514 1516
1514 1517
1515 1516
1515 1517
1515 2969
1515 2974
1516 1517
1516 1519
1516 2826
1517 1518
1517 1519
1517 1520
1517 2652
1518 1520
1518 2644
1519 1520
1519 1521
1519 1522
1519 2892
1520 1521
1520 1522
1520 1523
1521 1522
1521 1523
1521 2273
1522 1523
1522 2355
1522 1959
1523 1525
1523 1526
1523 2753
1523 2841
1524 1525
1524 1527
1524 2601
1524 2806
1525 1527
1525 1528
1525 2829
1525 2124
1526 1528
1526 1529
1526 2719
1526 2836
1527 1530
1527 2318
1528 1529
1528 1530
1528 1531
1528 2048
1529 1530
1529 1532
1530 1533
1530 2943
1530 2575
1531 1532
1531 1533
1531 1534
1531 2960
1532 2960
1533 1534
1533 1536
1533 2457
1533 2776
1534 1536
1534 1537
1535 1538
1535 2086
1535 2807
1535 2544
1536 1537
1536 1538
1536 1539
1537 1538
1537 1539
1537 1540
1538 1539
1538 1540
1539 1540
1539 2080
1539 2512
1540 1543
1540 1937
1540 1889
1541 1542
1541 1543
1541 1544
1542 1543
1542 1544
1542 1545
1543 1544
1543 1545
1543 1546
1544 1545
1544 1547
1544 1895
1545 1546
1545 1548
1546 1547
1546 1549
1547 1549
1547 2253
1547 2036
1547 2852
1547 2892
1548 1780
1549 2265
1549 2285
1549 2466
1550 1551
1550 1552
1551 1552
1551 1553
1551 1554
1552 1554
1552 1555
1553 1554
1553 1555
1553 1556
1554 1555
1554 1556
1554 1596
1555 1556
1555 1558
1555 2978
1556 1557
1556 2435
1557 1558
1557 1559
1557 2252
1558 1560
1558 1561
1558 2685
1558 1824
1559 1561
1559 1562
1560 1562
1560 2836
1560 2333
1561 1562
1561 1563
1561 1564
1561 2511
1562 1564
1562 1565
1562 2722
1563 1564
1563 1566
1563 2619
1564 1565
1564 1566
1565 1566
1565 1567
1565 1568
1565 2961
1566 1568
1566 1569
1567 1568
1567 1569
1567 1570
1567 2759
1568 1570
1568 1571
1568 1766
1568 2135
1569 1570
1569 1571
1569 1762
1569 2812
1570 1571
1570 1572
1570 2125
1570 2989
1571 1574
1571 2260
1572 1573
1572 1574
1572 1575
1573 1574
1573 1576
1573 2462
1574 1576
1574 1577
1575 1577
1575 1578
1575 2304
1576 1577
1576 1578
1576 1579
1577 1578
1577 1579
1577 1580
1578 1579
1578 1580
1578 1581
1578 2199
1579 1580
1579 1581
1579 1983
1580 1586
1581 1582
1581 1583
1581 1584
1582 1585
1582 2944
1582 2035
1583 1586
1583 2511
1584 1585
1584 1586
1584 1587
1585 1586
1585 1767
1585 2061
1585 2630
1586 1587
1586 1588
1586 1589
1587 1588
1587 1589
1587 1590
1588 1589
1589 1592
1589 1902
1590 1591
1590 1592
1590 1593
1590 1970
1591 1592
1591 1593
1592 1594
1592 1595
1592 1855
1592 2637
1593 1594
1593 1595
1594 1597
1594 2022
1595 1597
1595 1598
1595 2577
1595 2425
1596 1597
1596 1598
1596 2378
1597 1598
1597 1600
1598 1599
1598 1600
1598 1601
1599 1602
1599 2708
1599 1779
1599 2231
1600 1601
1600 1603
1601 1602
1601 1603
1601 1604
1601 1848
1602 1603
1602 1604
1602 1605
1603 1604
1603 1605
1603 1606
1603 1702
1604 1607
1604 1807
1605 1606
1605 1607
1605 1608
1606 1607
1606 1608
1606 1609
1607 1608
1607 1610
1607 2071
1608 1610
1608 1611
1609 2324
1609 2132
1610 1611
1610 1612
1610 1613
1610 2373
1611 1612
1611 1613
1611 2949
1612 1615
1612 2009
1612 2465
1613 1614
1613 1616
1613 2431
1613 2763
1614 1615
1614 1617
1614 2960
1615 1616
1615 2029
1616 1617
1616 1619
1617 1795
1617 1664
1617 2079
1617 1822
1618 1619
1618 1620
1618 1621
1618 2170
1619 1620
1619 1621
1619 1622
1620 1621
1620 1622
1620 1623
1620 1873
1621 1622
1621 1623
1621 1624
1622 1623
1622 1624
1622 1625
1622 2477
1623 1624
1623 1625
1623 1626
1623 2576
1623 1793
1624 1626
1624 1627
1625 1626
1625 1627
1625 1628
1626 1627
1626 1629
1627 1629
1627 2430
1628 1629
1628 1630
1628 1631
1629 1630
1629 1632
1630 1631
1630 1633
1630 2072
1631 1632
1631 1633
1631 2688
1632 1633
1632 2916
1632 2883
1633 1634
1633 1635
1633 1636
1634 1635
1634 1636
1634 1637
1635 1636
1635 1637
1635 1638
1636 1638
1636 1639
1636 1875
1637 1638
1637 1640
1637 2585
1638 1639
1638 1641
1638 1642
1639 1642
1639 2810
1640 1641
1640 2025
1640 2546
1641 1643
1641 1644
1642 1645
1642 2744
1643 1645
1643 1646
1643 2255
1643 2652
1644 1645
1644 1646
1644 1647
1645 1646
1645 1647
1645 1648
1646 1647
1646 1649
1646 2886
1647 1648
1647 1649
1647 1650
1648 1649
1648 1651
1648 2100
1649 1650
1649 1651
1649 1652
1649 2314
1650 1651
1650 1652
1650 1653
1651 1652
1651 1653
1651 1654
1652 1653
1652 1655
1652 2714
1653 1655
1653 1656
1654 1655
1654 1656
1654 2003
1654 1740
1655 1656
1655 1657
1656 1658
1656 1659
1657 1660
1657 1785
1657 2478
1658 1659
1658 1661
1658 1681
1658 1753
1658 2853
1658 2270
1659 1660
1659 1661
1659 1662
1660 1662
1660 2161
1661 1663
1661 1664
1662 1663
1662 2478
1662 1720
1663 1665
1663 1666
1664 1665
1664 1666
1664 1667
1664 2049
1665 1667
1665 1668
1665 2797
1666 1667
1666 1668
1666 1669
1667 1668
1667 1669
1667 1670
1668 1669
1668 1670
1668 1671
1668 2805
1668 2302
1669 1670
1669 1671
1669 1672
1670 1671
1670 1672
1670 1673
1671 1672
1671 1674
1671 2234
1672 1673
1672 1674
1672 1675
1672 2324
1673 1674
1673 1675
1673 1676
1673 2608
1674 1677
1674 2364
1674 2421
1675 1676
1675 1678
1676 1677
1676 1679
1676 2566
1677 1679
1677 1680
1678 1680
1678 2287
1678 2843
1679 1682
1679 2314
1680 2944
1680 1983
1681 1683
1681 1684
1681 2176
1682 1685
1682 1956
1683 1686
1683 2231
1684 1685
1684 2648
1684 2963
1685 1686
1685 1688
1686 2984
1687 1689
1687 2354
1687 2452
1688 1689
1688 1691
1689 2239
1689 2339
1690 1693
1690 2327
1690 2315
1691 1694
1691 2833
1692 1694
1692 1695
1693 1694
1693 1695
1693 1696
1694 1695
1694 1697
1694 2581
1694 2445
1695 1696
1695 1697
1695 1698
1696 1697
1696 1699
1696 2153
1696 2812
1697 1698
1697 2151
1697 2226
1698 1699
1698 1700
1698 1701
1699 1701
1699 1702
1699 1794
1700 1701
1700 1702
1700 1703
1701 1702
1702 1705
1703 1704
1703 1705
1704 1705
1704 1706
1704 1707
1705 1706
1705 2648
1706 1707
1706 1708
1706 1709
1706 1892
1707 1708
1707 1709
1707 1710
1707 2629
1708 1709
1708 1710
1708 1955
1708 2729
1709 1710
1709 2057
1709 2660
1710 1711
1710 1712
1710 1713
1711 1713
1711 1714
1711 2692
1712 1713
1712 1715
1713 1714
1713 1715
1713 2897
1714 1715
1714 1716
1714 1717
1715 1716
1715 1717
1715 1790
1716 1717
1716 1718
1716 2236
1716 1957
1717 1720
1717 1801
1718 1719
1718 1720
1718 1721
1719 1720
1719 1721
1719 1722
1720 1721
1720 1722
1720 1723
1721 1722
1721 1723
1722 1724
1722 1725
1723 1724
1723 1725
1723 1726
1724 1725
1724 1726
1724 1727
1725 1728
1725 2417
1725 2819
1726 1728
1726 1729
1726 2136
1727 1729
1727 1730
1728 1729
1728 1730
1728 2377
1728 2397
1729 1730
1729 1731
1730 1731
1730 1732
1730 1733
1731 1733
1731 2119
1731 2293
1732 1734
1732 1735
1733 1734
1733 1735
1733 1736
1734 1736
1734 2727
1734 1872
1735 1736
1735 1737
1735 1738
1736 1737
1736 1738
1736 1739
1737 1738
1737 1739
1737 1740
1738 1739
1738 1740
1738 2021
1739 1740
1739 1741
1739 1742
1739 2147
1740 1742
1740 2162
1740 2648
1741 1742
1741 1743
1742 1743
1742 1744
1742 1745
1742 2476
1743 1745
1743 1746
1744 1745
1744 1746
1744 1747
1744 2768
1745 1746
1745 1748
1745 2465
1746 1747
1746 1748
1746 2900
1746 1817
1747 1748
1747 1749
1747 1750
1747 1934
1748 1750
1749 1751
1749 1752
1749 2152
1750 1751
1750 1752
1750 1753
1751 1752
1751 1753
1751 1754
1752 1753
1752 1975
1752 1886
1752 2258
1753 1755
1753 1756
1754 1755
1754 1756
1754 1757
1755 1756
1755 1757
1755 1758
1755 2766
1756 1758
1756 1759
1756 2982
1756 1822
1757 1758
1757 1760
1757 2348
1758 1760
1758 1761
1758 2080
1759 1760
1759 1762
1760 1761
1760 1762
1760 1933
1761 1763
1761 2244
1762 1763
1762 1764
1762 2322
1763 1765
1763 2815
1764 1766
1764 1767
1764 2711
1765 1767
1765 1768
1765 2031
1766 1767
1766 1768
1766 1924
1767 1769
1767 1770
1768 1770
1768 2456
1769 1770
1769 1772
1769 2901
1770 1772
1770 1773
1771 1772
1771 1773
1771 1774
1772 1773
1772 1774
1772 1775
1773 1774
1773 1775
1773 1776
1774 1775
1774 1777
1774 2619
1775 2905
1776 1777
1776 1778
1776 1979
1776 2306
1776 1806
1777 1778
1777 1780
1778 1779
1778 1780
1778 1931
1779 1781
1779 1782
1780 1781
1780 1782
1780 1871
1781 1782
1781 1783
1781 1784
1782 1783
1782 1785
1782 2954
1783 1784
1783 1785
1783 1786
1784 1785
1784 1786
1784 1787
1784 2364
1785 1787
1785 1788
1786 1787
1786 1789
1786 2240
1787 1788
1787 1789
1787 1790
1787 1853
1788 1789
1788 1790
1788 1791
1789 1790
1789 1791
1789 1792
1789 1944
1790 1791
1790 1792
1790 1793
1790 1963
1791 1792
1791 1793
1791 1794
1791 2773
1792 1794
1792 2102
1793 1794
1793 1795
1793 2355
1794 1795
1794 1796
1795 1796
1795 1797
1795 1798
1796 1797
1796 1798
1796 2603
1797 2103
1798 1799
1798 1800
1798 1958
1799 1800
1799 1801
1799 1802
1799 2322
1800 1801
1800 2538
1801 1803
1801 1804
1801 2055
1801 2821
1802 1803
1802 1805
1802 2059
1803 1804
1803 1805
1803 1806
1803 2604
1803 2559
1804 1807
1804 2861
1805 1806
1805 1808
1806 1807
1806 1808
1806 1809
1807 1810
1807 2207
1807 2005
1808 1809
1808 1810
1808 1811
1809 1811
1809 1812
1810 1811
1810 1812
1810 1813
1811 1812
1811 1813
1811 2911
1812 1813
1812 1814
1813 1814
1813 1815
1813 2252
1814 1815
1814 1816
1814 1817
1815 1816
1815 1817
1815 1818
1816 1817
1816 1818
1816 2825
1816 2581
1817 1818
1817 1819
1817 1820
1818 1819
1818 1820
1818 1821
1818 2046
1819 1821
1819 1822
1820 1822
1820 1823
1820 2936
1820 2355
1821 1822
1821 1823
1821 1824
1821 2808
1822 1823
1822 2457
1823 1824
1823 1826
1823 2086
1824 1826
1824 1827
1825 1826
1825 1827
1825 1828
1825 2768
1826 1827
1826 1828
1826 1829
1827 1828
1827 1830
1827 1915
1828 1829
1828 1831
1828 2513
1829 1831
1829 1832
1829 2082
1830 1832
1830 1833
1831 1832
1831 1834
1832 1833
1832 1834
1833 1834
1833 1835
1833 2553
1834 1835
1834 1836
1834 1837
1835 1837
1835 1838
1836 1837
1836 1838
1836 1839
1837 1839
1837 2102
1838 1840
1838 2652
1838 2325
1839 1840
1839 1841
1839 1842
1840 1841
1840 1842
1841 1842
1841 1843
1841 2912
1842 1843
1842 1844
1842 1845
1843 1844
1843 1846
1843 2228
1843 1922
1844 1846
1844 1847
1845 1846
1845 1848
1845 2467
1845 2290
1845 2313
1846 1847
1846 1848
1846 1849
1847 1848
1847 1849
1847 2266
1848 1851
1848 1924
1849 1850
1849 1851
1850 1851
1850 1852
1850 2354
1851 1853
1851 1854
1851 2123
1851 2308
1852 1854
1852 1855
1852 2960
1853 1855
1853 2825
1854 1855
1854 1856
1854 2776
1854 1859
1855 1856
1855 1857
1855 1858
1856 1857
1856 1858
1856 1859
1857 1859
1857 1860
1857 2337
1858 1859
1858 1860
1858 1861
1859 1860
1859 1861
1859 1862
1860 1861
1860 1862
1860 1863
1860 2713
1861 1862
1861 1863
1861 1864
1862 1864
1862 1865
1862 2048
1863 1865
1863 2742
1864 1865
1864 1866
1864 1867
1865 1866
1865 1867
1865 1868
1865 2309
1866 1867
1866 1868
1866 2866
1866 2507
1866 2564
1867 1868
1867 1869
1867 1870
1867 2528
1868 1869
1868 1870
1869 1870
1869 1871
1869 1872
1870 1871
1870 1872
1870 2015
1871 1872
1871 2105
1871 2900
1871 2207
1872 1874
1873 1874
1873 1875
1874 1875
1874 1877
1874 2088
1875 1876
1876 1877
1876 1879
1876 2129
1877 1878
1877 1893
1878 1879
1878 1880
1878 1881
1878 2158
1879 1880
1879 1881
1879 1882
1880 1881
1880 1883
1881 1882
1881 1883
1881 1884
1882 1883
1882 1884
1882 1885
1883 1886
1883 2481
1883 2425
1883 2602
1883 2757
1884 1885
1884 1886
1884 1887
1884 2366
1884 2036
1885 1886
1885 1887
1885 1888
1886 1889
1886 2305
1886 2266
1887 1889
1888 1890
1888 1891
1889 1890
1889 1892
1889 1966
1889 2015
1889 2930
1890 1891
1890 1892
1890 1893
1891 1893
1891 1894
1892 1895
1892 2001
1893 1894
1893 1896
1893 2093
1894 1895
1894 1896
1894 2349
1895 1896
1895 1897
1895 1898
1896 1897
1896 1898
1896 1899
1896 2205
1897 1898
1897 1899
1898 1900
1898 1901
1899 1900
1899 1902
1900 1901
1900 1902
1900 1903
1900 2591
1901 1903
1901 1904
1902 1903
1902 1904
1903 1905
1903 2469
1904 1905
1904 1907
1904 2854
1904 2781
1904 1936
1905 1906
1905 1907
1906 1907
1906 1908
1906 1909
1907 1908
1907 1910
1908 1910
1908 1911
1909 1910
1909 1911
1909 1912
1910 1912
1910 1913
1910 2747
1911 1912
1911 1913
1911 2611
1912 1913
1912 1915
1913 1914
1913 1916
1914 1915
1914 2794
1914 2754
1915 1916
1915 1917
1915 1918
1916 1917
1916 1918
1916 2614
1917 1918
1917 1919
1917 1920
1917 2821
1918 1919
1918 1920
1918 1921
1919 1920
1919 1922
1920 1922
1920 1923
1921 1922
1921 1923
1921 1924
1921 2133
1922 1924
1922 2174
1923 1926
1923 2745
1923 2119
1923 2662
1924 1927
1924 2426
1925 1926
1925 1927
1925 1928
1925 2429
1926 1927
1926 1929
1927 1928
1928 1930
1928 1931
1928 2184
1929 1932
1929 2470
1929 2219
1930 1933
1930 2949
1931 1932
1931 1933
1931 2426
1932 1934
1932 2511
1932 2412
1933 1934
1933 1936
1933 2093
1934 1937
1934 2564
1935 1936
1935 1937
1936 1937
1937 1938
1937 1939
1938 1939
1938 1940
1938 1941
1939 1941
1940 1941
1940 1942
1940 1943
1940 2100
1941 1942
1941 1943
1942 1943
1942 1944
1942 1945
1943 1945
1943 1946
1944 1946
1944 1947
1945 1947
1945 2858
1946 1947
1946 1948
1947 1948
1947 1949
1947 1950
1948 1950
1948 1951
1949 1951
1949 2800
1950 1951
1950 1952
1950 2362
1951 1952
1951 1953
1951 1954
1952 1954
1952 1955
1953 1954
1953 2758
1954 1956
1954 2175
1955 1957
1955 1958
1956 1957
1956 1958
1956 2265
1957 1958
1957 1959
1958 1960
1958 1961
1958 2997
1959 1961
1959 1962
1959 2865
1959 2163
1960 1961
1960 1963
1961 1962
1961 1963
1961 1964
1962 1963
1962 1964
1962 1965
1963 1965
1963 2540
1964 1965
1964 1966
1964 1967
1965 1966
1965 2003
1966 1968
1966 1969
1967 1969
1968 1969
1968 1971
1968 2605
1969 1970
1969 1971
1969 1972
1969 2413
1970 1972
1970 1973
1970 2422
1971 1972
1971 1974
1971 2827
1971 2523
1972 1973
1972 1975
1972 2600
1972 2294
1973 1974
1973 1975
1973 1976
1974 1975
1974 1976
1974 1977
1975 1977
1975 1978
1976 1977
1976 1978
1976 1979
1976 2080
1977 1978
1977 1979
1977 1980
1978 1979
1978 1980
1978 1981
1978 2351
1979 2091
1980 1982
1980 1983
1980 2945
1980 2400
1981 1982
1981 1983
1981 1984
1982 1983
1982 1984
1982 2035
1982 2493
1983 1984
1983 1986
1984 1986
1984 1987
1985 1988
1985 1996
1986 1988
1986 2360
1987 1988
1987 1989
1987 1990
1988 1989
1988 1990
1988 2911
1989 1990
1989 1991
1989 1992
1990 1991
1990 1992
1990 1993
1991 1993
1991 1994
1991 2422
1992 1993
1992 1995
1992 2005
1993 1994
1993 1995
1993 1996
1994 1995
1994 1996
1995 1996
1995 1997
1995 1998
1995 2164
1996 2048
1997 1998
1997 1999
1997 2000
1998 1999
1998 2000
1999 2000
1999 2001
1999 2002
2000 2001
2000 2002
2000 2003
2001 2002
2001 2003
2002 2003
2002 2004
2002 2005
2002 2567
2003 2005
2003 2006
2003 2925
2004 2005
2004 2006
2005 2006
2005 2875
2005 2811
2006 2007
2006 2008
2006 2677
2006 2221
2007 2010
2007 2561
2008 2009
2008 2010
2008 2011
2009 2010
2009 2011
2009 2810
2010 2011
2010 2012
2010 2013
2011 2012
2011 2013
2011 2014
2012 2013
2012 2014
2012 2015
2013 2014
2013 2015
2013 2016
2013 2662
2014 2016
2014 2017
2014 2285
2015 2017
2015 2018
2015 2991
2016 2017
2017 2018
2017 2019
2017 2020
2018 2020
2018 2021
2019 2021
2019 2022
2019 2044
2020 2022
2020 2155
2021 2022
2021 2023
2022 2023
2022 2024
2023 2024
2023 2025
2023 2026
2024 2025
2024 2026
2024 2027
2025 2028
2026 2027
2026 2029
2026 2535
2027 2030
2027 2441
2028 2029
2028 2030
2028 2031
2028 2823
2029 2031
2029 2537
2030 2031
2030 2032
2030 2033
2031 2032
2031 2033
2031 2034
2032 2034
2032 2035
2033 2034
2033 2036
2033 2787
2034 2036
2034 2037
2035 2036
2036 2038
2036 2607
2037 2038
2037 2039
2037 2040
2038 2039
2038 2041
2038 2348
2039 2040
2039 2041
2039 2042
2040 2041
2040 2626
2041 2042
2041 2043
2042 2043
2042 2044
2042 2045
2043 2045
2044 2045
2044 2046
2044 2689
2045 2046
2045 2048
2045 2940
2046 2048
2046 2049
2047 2048
2047 2049
2047 2826
2048 2050
2048 2051
2048 2495
2049 2050
2049 2051
2050 2051
2050 2053
2051 2052
2051 2053
2051 2054
2052 2054
2052 2055
2053 2054
2053 2055
2053 2056
2054 2055
2054 2056
2054 2057
2055 2056
2055 2640
2056 2057
2056 2058
2056 2059
2057 2059
2057 2060
2058 2059
2058 2060
2058 2061
2059 2060
2059 2062
2059 2439
2060 2062
2060 2063
2060 2997
2061 2062
2061 2063
2061 2064
2062 2063
2062 2064
2063 2064
2063 2065
2063 2066
2064 2065
2064 2066
2064 2067
2065 2066
2065 2067
2065 2068
2066 2068
2066 2296
2067 2069
2067 2540
2068 2069
2068 2070
2068 2071
2069 2070
2069 2071
2069 2072
2069 2685
2070 2072
2070 2073
2071 2072
2071 2073
2072 2073
2072 2074
2072 2075
2073 2074
2073 2075
2073 2076
2074 2075
2074 2076
2074 2077
2075 2076
2075 2077
2075 2078
2076 2079
2076 2496
2077 2078
2077 2079
2077 2080
2078 2080
2078 2081
2079 2081
2079 2082
2080 2082
2080 2083
2081 2082
2081 2083
2081 2084
2082 2083
2082 2861
2082 2146
2083 2085
2083 2086
2084 2085
2084 2086
2084 2087
2085 2086
2085 2087
2085 2088
2087 2088
2087 2089
2087 2872
2088 2089
2088 2090
2089 2090
2089 2091
2089 2092
2090 2091
2090 2092
2090 2093
2090 2920
2091 2093
2091 2094
2091 2744
2092 2094
2092 2095
2092 2162
2093 2094
2093 2095
2093 2293
2093 2330
2093 2785
2094 2095
2094 2096
2094 2726
2095 2096
2095 2098
2095 2982
2096 2097
2096 2098
2096 2099
2097 2099
2097 2100
2098 2099
2098 2100
2098 2101
2099 2101
2099 2102
2099 2684
2100 2102
2100 2103
2101 2103
2101 2104
2101 2487
2102 2104
2102 2725
2103 2104
2103 2106
2104 2105
2104 2106
2104 2107
2105 2106
2105 2107
2106 2107
2106 2108
2107 2108
2107 2109
2107 2110
2108 2109
2108 2111
2109 2111
2109 2768
2110 2112
2110 2113
2111 2112
2111 2113
2111 2114
2112 2113
2112 2114
2112 2115
2113 2114
2113 2115
2113 2828
2113 2826
2114 2115
2114 2116
2114 2117
2114 2171
2114 2877
2115 2116
2115 2770
2116 2117
2116 2118
2116 2119
2116 2896
2117 2119
2117 2120
2118 2119
2118 2120
2118 2121
2118 2868
2119 2122
2119 2565
2120 2122
2120 2123
2120 2564
2121 2122
2121 2123
2121 2124
2122 2124
2122 2125
2123 2124
2123 2125
2123 2126
2124 2127
2125 2127
2125 2128
2126 2127
2126 2128
2127 2128
2127 2129
2127 2130
2128 2129
2128 2130
2128 2131
2129 2130
2129 2131
2129 2132
2130 2131
2130 2132
2130 2133
2131 2132
2131 2133
2131 2134
2132 2133
2132 2134
2133 2135
2133 2136
2134 2135
2134 2137
2135 2138
2136 2138
2136 2139
2136 2993
2137 2139
2137 2140
2137 2888
2138 2139
2139 2140
2139 2141
2139 2142
2139 2910
2140 2143
2141 2142
2141 2144
2142 2143
2142 2144
2142 2145
2143 2144
2143 2145
2143 2146
2144 2145
2144 2147
2145 2146
2145 2147
2146 2148
2146 2512
2146 2635
2147 2148
2147 2150
2147 2885
2148 2149
2148 2150
2148 2151
2148 2734
2149 2150
2149 2151
2149 2152
2150 2151
2150 2153
2151 2153
2151 2154
2152 2154
2153 2462
2154 2155
2154 2156
2155 2156
2155 2157
2156 2157
2156 2159
2157 2158
2157 2159
2158 2159
2158 2161
2159 2160
2159 2161
2159 2162
2160 2162
2160 2163
2160 2936
2161 2162
2161 2163
2161 2164
2162 2163
2162 2164
2162 2165
2163 2164
2164 2165
2164 2167
2165 2166
2165 2167
2165 2168
2166 2167
2166 2168
2167 2168
2167 2170
2167 2680
2168 2169
2168 2170
2168 2171
2169 2170
2169 2171
2169 2172
2170 2171
2170 2542
2171 2173
2171 2174
2172 2173
2172 2174
2172 2175
2173 2175
2173 2176
2173 2689
2174 2175
2174 2177
2174 2374
2175 2176
2175 2177
2175 2661
2176 2177
2176 2650
2177 2178
2177 2179
2177 2283
2178 2179
2178 2180
2178 2496
2179 2181
2179 2182
2180 2182
2180 2183
2180 2390
2181 2183
2181 2184
2182 2806
2183 2184
2183 2185
2183 2186
2184 2185
2184 2751
2184 2222
2185 2186
2185 2187
2185 2188
2186 2187
2186 2188
2186 2189
2187 2188
2187 2189
2187 2190
2188 2189
2188 2190
2188 2191
2189 2190
2189 2191
2189 2192
2189 2852
2190 2191
2190 2192
2190 2193
2191 2192
2191 2194
2192 2193
2192 2789
2193 2194
2193 2196
2194 2195
2194 2196
2194 2197
2195 2487
2196 2197
2196 2997
2196 2749
2197 2198
2197 2199
2197 2200
2198 2199
2198 2201
2199 2202
2200 2201
2200 2202
2200 2203
2201 2202
2201 2203
2201 2204
2201 2735
2202 2203
2202 2204
2202 2205
2203 2205
2203 2206
2203 2449
2204 2206
2204 2207
2205 2206
2205 2207
2206 2207
2206 2208
2206 2209
2208 2209
2208 2210
2208 2211
2209 2211
2209 2212
2210 2211
2210 2212
2210 2418
2211 2212
2211 2214
2211 2413
2212 2213
2212 2765
2213 2214
2213 2215
2214 2215
2214 2217
2215 2216
2215 2217
2215 2218
2216 2217
2216 2219
2216 2571
2217 2218
2217 2219
2217 2220
2217 2718
2218 2219
2218 2220
2218 2221
2219 2220
2219 2221
2221 2222
2221 2223
2221 2224
2222 2562
2223 2225
2223 2705
2224 2225
2224 2226
2225 2226
2225 2228
2225 2888
2226 2227
2226 2229
2226 2432
2227 2228
2227 2229
2227 2230
2228 2229
2228 2231
2229 2231
2230 2231
2230 2232
2230 2233
2231 2232
2231 2234
2232 2233
2232 2235
2233 2235
2233 2236
2233 2613
2234 2235
2234 2236
2234 2237
2235 2236
2235 2237
2235 2238
2235 2518
2236 2238
2236 2239
2236 2382
2237 2240
2238 2240
2238 2241
2238 2938
2239 2240
2239 2241
2239 2520
2240 2241
2240 2243
2241 2242
2241 2243
2242 2243
2242 2244
2242 2245
2243 2245
2243 2246
2243 2514
2243 2484
2244 2246
2244 2247
2245 2246
2245 2247
2246 2247
2246 2248
2246 2249
2247 2248
2247 2249
2247 2250
2248 2249
2248 2250
2248 2251
2249 2250
2249 2251
2249 2372
2250 2251
2250 2253
2251 2252
2251 2254
2252 2253
2252 2254
2253 2255
2253 2256
2254 2255
2254 2257
2255 2256
2255 2257
2255 2258
2256 2257
2256 2259
2257 2258
2257 2260
2258 2259
2258 2261
2259 2260
2259 2262
2260 2262
2261 2262
2261 2263
2261 2264
2262 2264
2262 2265
2263 2264
2263 2265
2263 2266
2264 2265
2264 2266
2264 2267
2265 2266
2266 2267
2266 2268
2267 2269
2267 2270
2268 2269
2268 2403
2269 2272
2270 2271
2270 2272
2271 2273
2271 2274
2271 2780
2272 2273
2272 2275
2273 2276
2274 2275
2274 2277
2274 2492
2275 2276
2275 2278
2275 2694
2275 2428
2276 2277
2277 2278
2277 2279
2278 2280
2278 2281
2279 2281
2279 2282
2279 2794
2280 2281
2280 2283
2280 2796
2281 2282
2281 2283
2281 2761
2282 2284
2282 2285
2283 2285
2284 2285
2284 2286
2284 2287
2285 2286
2285 2288
2286 2288
2287 2288
2287 2289
2287 2290
2287 2975
2288 2289
2288 2290
2288 2291
2289 2290
2289 2292
2290 2291
2291 2292
2291 2294
2292 2293
2292 2294
2292 2295
2293 2295
2293 2296
2293 2922
2294 2295
2294 2297
2295 2297
2295 2298
2295 2715
2296 2297
2296 2298
2296 2299
2297 2300
2297 2682
2298 2299
2298 2300
2299 2301
2299 2302
2299 2992
2299 2398
2300 2301
2300 2302
2300 2303
2301 2303
2301 2304
2302 2303
2302 2305
2303 2304
2303 2305
2303 2306
2304 2306
2304 2514
2304 2551
2305 2306
2305 2307
2305 2308
2305 2808
2306 2308
2306 2309
2307 2308
2307 2309
2307 2310
2308 2311
2308 2743
2309 2310
2309 2311
2310 2311
2310 2312
2311 2312
2311 2314
2312 2314
2312 2315
2312 2848
2313 2314
2313 2316
2314 2316
2314 2317
2315 2316
2315 2318
2316 2317
2316 2318
2316 2319
2317 2318
2317 2319
2318 2319
2318 2320
2318 2696
2319 2320
2319 2322
2320 2321
2320 2322
2320 2323
2321 2322
2321 2323
2322 2323
2322 2704
2323 2325
2323 2326
2323 2677
2324 2326
2324 2327
2325 2326
2325 2604
2326 2328
2326 2329
2327 2328
2327 2330
2328 2329
2328 2330
2328 2331
2329 2330
2329 2331
2329 2332
2330 2331
2330 2332
2331 2332
2331 2333
2331 2334
2332 2333
2332 2334
2332 2335
2333 2334
2333 2336
2333 2702
2333 2483
2334 2336
2334 2337
2335 2336
2336 2337
2336 2338
2336 2989
2337 2338
2337 2339
2337 2340
2337 2569
2338 2339
2338 2340
2338 2615
2339 2341
2339 2342
2339 2691
2340 2342
2340 2343
2341 2342
2341 2343
2341 2344
2342 2344
2342 2345
2343 2345
2343 2949
2343 2732
2344 2345
2344 2976
2345 2346
2345 2348
2346 2709
2346 2446
2347 2348
2347 2349
2347 2350
2347 2939
2348 2349
2348 2351
2349 2350
2349 2351
2349 2352
2350 2351
2350 2352
2351 2352
2351 2735
2352 2353
2352 2354
2352 2355
2353 2355
2353 2356
2353 2963
2354 2355
2354 2356
2354 2357
2355 2833
2356 2359
2356 2639
2357 2359
2357 2360
2358 2359
2358 2360
2359 2360
2359 2361
2359 2362
2360 2361
2361 2364
2362 2363
2362 2364
2362 2365
2363 2364
2363 2365
2363 2366
2364 2366
2365 2367
2365 2368
2365 2949
2366 2368
2366 2369
2367 2368
2367 2903
2368 2369
2368 2370
2368 2371
2369 2370
2369 2372
2370 2371
2370 2372
2370 2373
2371 2372
2371 2373
2371 2374
2371 2475
2372 2373
2372 2374
2373 2375
2374 2375
2374 2377
2374 2543
2375 2376
2375 2377
2376 2377
2376 2378
2376 2379
2377 2380
2377 2484
2378 2379
2378 2380
2378 2381
2379 2382
2380 2383
2381 2382
2381 2383
2381 2384
2382 2383
2382 2384
2382 2385
2383 2384
2383 2386
2383 2686
2384 2385
2384 2387
2385 2386
2385 2387
2385 2388
2386 2387
2386 2388
2386 2389
2387 2388
2387 2389
2387 2390
2388 2389
2388 2390
2388 2459
2389 2390
2389 2391
2389 2392
2390 2391
2390 2392
2390 2393
2391 2755
2392 2394
2392 2524
2392 2990
2393 2394
2393 2395
2394 2395
2394 2396
2394 2397
2395 2396
2395 2397
2395 2398
2396 2397
2396 2398
2396 2399
2396 2630
2397 2398
2397 2400
2398 2557
2399 2400
2399 2401
2399 2402
2400 2401
2400 2403
2401 2402
2401 2403
2401 2404
2402 2404
2402 2405
2402 2574
2402 2786
2403 2404
2404 2405
2404 2406
2404 2407
2405 2406
2405 2407
2406 2407
2406 2408
2406 2409
2407 2410
2407 2731
2408 2409
2408 2411
2409 2410
2409 2411
2409 2451
2410 2411
2410 2412
2411 2414
2412 2413
2412 2414
2413 2414
2414 2415
2414 2417
2415 2416
2415 2417
2416 2417
2417 2418
2417 2420
2418 2419
2418 2420
2418 2421
2419 2420
2419 2422
2420 2421
2420 2422
2420 2423
2421 2422
2421 2423
2421 2424
2422 2424
2422 2425
2423 2424
2423 2425
2423 2426
2424 2425
2424 2427
2424 2728
2425 2427
2425 2983
2426 2427
2426 2429
2427 2428
2427 2429
2427 2430
2428 2429
2429 2430
2429 2432
2430 2432
2430 2433
2431 2433
2432 2433
2432 2434
2433 2434
2433 2435
2433 2436
2434 2435
2434 2436
2434 2581
2435 2437
2435 2902
2436 2437
2436 2438
2436 2439
2437 2438
2437 2439
2437 2440
2438 2439
2438 2440
2439 2440
2439 2441
2439 2442
2439 2523
2440 2442
2440 2443
2440 2842
2441 2442
2441 2443
2441 2444
2442 2444
2442 2445
2443 2444
2443 2445
2443 2446
2443 2706
2443 2791
2444 2446
2445 2446
2445 2447
2446 2447
2446 2448
2447 2448
2447 2449
2447 2450
2447 2957
2448 2449
2448 2450
2448 2451
2449 2450
2449 2451
2449 2452
2450 2451
2450 2452
2451 2452
2451 2453
2452 2454
2452 2455
2453 2454
2453 2455
2454 2456
2454 2457
2455 2456
2455 2457
2455 2458
2456 2457
2456 2458
2456 2459
2456 2852
2457 2460
2458 2459
2458 2460
2458 2461
2459 2460
2459 2461
2459 2462
2460 2461
2460 2462
2460 2463
2460 2646
2461 2462
2461 2463
2461 2464
2462 2943
2463 2464
2463 2466
2464 2465
2464 2467
2465 2466
2465 2467
2465 2468
2466 2467
2466 2468
2466 2469
2467 2468
2467 2469
2467 2887
2468 2469
2468 2470
2468 2471
2469 2471
2469 2472
2470 2471
2470 2472
2470 2473
2470 2772
2471 2472
2471 2473
2471 2474
2472 2473
2472 2474
2472 2475
2473 2474
2473 2475
2473 2476
2474 2475
2474 2477
2475 2477
2475 2478
2476 2479
2476 2648
2476 2655
2477 2478
2477 2479
2478 2479
2478 2480
2479 2480
2479 2481
2479 2482
2480 2482
2480 2483
2481 2483
2481 2484
2481 2791
2482 2483
2482 2485
2483 2484
2483 2485
2484 2486
2484 2752
2485 2486
2485 2487
2485 2488
2486 2487
2486 2488
2486 2489
2487 2490
2488 2489
2488 2490
2488 2491
2489 2490
2489 2491
2489 2492
2490 2491
2490 2492
2490 2539
2490 2717
2491 2492
2491 2494
2492 2493
2492 2494
2492 2495
2492 2691
2493 2494
2493 2495
2493 2496
2494 2496
2494 2531
2495 2496
2495 2498
2496 2497
2496 2499
2497 2500
2498 2499
2498 2501
2499 2502
2499 2774
2499 2675
2500 2501
2500 2559
2500 2983
2501 2502
2501 2503
2501 2504
2502 2503
2502 2504
2502 2505
2503 2504
2503 2505
2504 2506
2504 2507
2505 2506
2505 2507
2505 2508
2506 2507
2506 2509
2507 2508
2507 2509
2507 2510
2508 2510
2508 2511
2509 2510
2509 2511
2509 2512
2510 2512
2510 2513
2511 2512
2511 2514
2513 2514
2513 2515
2513 2516
2514 2516
2514 2517
2515 2517
2515 2518
2515 2802
2516 2518
2516 2519
2517 2518
2517 2519
2517 2520
2518 2519
2518 2520
2518 2743
2518 2957
2519 2520
2519 2521
2519 2522
2520 2521
2520 2522
2520 2523
2521 2522
2521 2524
2521 2905
2522 2523
2522 2767
2523 2525
2523 2614
2523 2877
2524 2525
2524 2527
2524 2966
2525 2526
2525 2527
2525 2528
2526 2527
2526 2528
2526 2529
2527 2528
2527 2529
2528 2529
2528 2531
2529 2530
2529 2531
2529 2532
2529 2817
2530 2531
2530 2532
2530 2533
2531 2533
2531 2540
2532 2533
2532 2534
2532 2535
2533 2536
2534 2803
2535 2537
2536 2537
2536 2538
2537 2538
2537 2539
2537 2540
2538 2539
2538 2540
2538 2541
2539 2541
2539 2542
2540 2542
2540 2587
2541 2542
2541 2543
2541 2555
2542 2543
2543 2545
2543 2860
2544 2545
2544 2546
2545 2546
2545 2547
2545 2548
2546 2547
2546 2548
2546 2549
2547 2548
2547 2549
2547 2988
2548 2549
2548 2550
2548 2551
2549 2550
2549 2551
2549 2552
2549 2595
2550 2552
2550 2553
2551 2552
2551 2553
2551 2554
2552 2553
2552 2554
2552 2555
2553 2554
2553 2555
2553 2556
2554 2836
2555 2556
2555 2558
2557 2558
2557 2559
2558 2559
2558 2560
2559 2560
2560 2561
2560 2562
2561 2563
2561 2564
2562 2563
2562 2565
2563 2564
2563 2565
2563 2566
2564 2565
2564 2566
2565 2566
2565 2567
2565 2706
2566 2567
2566 2568
2566 2569
2567 2569
2567 2570
2568 2569
2568 2570
2568 2571
2569 2572
2569 2902
2570 2571
2570 2573
2572 2573
2572 2574
2572 2575
2572 2986
2573 2574
2574 2575
2574 2577
2574 2796
2575 2576
2575 2577
2576 2577
2577 2578
2577 2579
2577 2580
2578 2579
2578 2580
2578 2581
2579 2580
2579 2581
2580 2582
2580 2583
2581 2583
2582 2583
2582 2584
2582 2585
2583 2584
2583 2585
2584 2585
2584 2586
2584 2587
2585 2587
2585 2588
2586 2587
2586 2589
2587 2590
2588 2589
2588 2590
2589 2590
2589 2591
2589 2592
2590 2592
2590 2593
2591 2592
2592 2593
2592 2594
2592 2595
2593 2594
2593 2596
2594 2595
2594 2596
2594 2597
2595 2596
2595 2598
2596 2597
2596 2599
2597 2599
2597 2600
2598 2599
2598 2601
2599 2601
2599 2602
2599 2994
2600 2601
2600 2602
2600 2603
2601 2604
2602 2603
2602 2605
2602 2822
2603 2604
2603 2606
2604 2606
2604 2607
2605 2606
2605 2607
2605 2697
2606 2607
2606 2608
2607 2609
2607 2610
2608 2609
2609 2610
2609 2611
2610 2611
2610 2612
2610 2613
2611 2613
2611 2614
2612 2613
2612 2614
2612 2615
2613 2614
2613 2615
2613 2616
2613 2909
2614 2615
2615 2616
2616 2617
2616 2618
2616 2619
2617 2618
2617 2619
2617 2861
2619 2620
2619 2621
2619 2622
2620 2621
2620 2623
2621 2622
2621 2623
2622 2623
2622 2625
2623 2625
2623 2626
2623 2817
2624 2625
2624 2626
2625 2626
2625 2627
2625 2628
2626 2627
2626 2628
2626 2629
2627 2628
2627 2629
2628 2629
2628 2630
2628 2631
2629 2632
2630 2631
2630 2726
2631 2633
2631 2634
2632 2633
2632 2634
2632 2635
2632 2960
2633 2634
2633 2636
2634 2635
2634 2637
2635 2636
2635 2637
2636 2639
2637 2638
2637 2639
2638 2639
2638 2640
2638 2641
2639 2640
2639 2641
2639 2642
2640 2641
2641 2642
2641 2643
2641 2644
2642 2644
2642 2645
2643 2644
2643 2646
2643 2937
2644 2645
2644 2646
2644 2647
2645 2647
2645 2648
2646 2648
2646 2649
2647 2648
2647 2649
2647 2650
2647 2779
2648 2649
2649 2650
2649 2651
2649 2652
2650 2651
2650 2652
2650 2653
2651 2652
2651 2654
2653 2655
2653 2656
2653 2830
2654 2655
2654 2656
2654 2657
2655 2657
2655 2658
2655 2871
2656 2658
2656 2659
2657 2658
2657 2659
2657 2660
2658 2659
2658 2660
2658 2661
2659 2662
2659 2743
2660 2661
2661 2662
2661 2663
2661 2664
2662 2663
2663 2665
2664 2666
2664 2667
2665 2666
2665 2667
2665 2668
2666 2669
2666 2896
2667 2668
2667 2669
2667 2670
2668 2669
2668 2670
2668 2671
2669 2670
2669 2672
2670 2671
2670 2672
2670 2673
2671 2672
2671 2674
2672 2673
2672 2674
2672 2675
2673 2674
2673 2675
2673 2676
2674 2675
2674 2676
2674 2677
2675 2677
2675 2678
2676 2677
2676 2678
2676 2679
2677 2679
2677 2680
2678 2679
2678 2681
2679 2681
2679 2682
2680 2681
2680 2682
2682 2683
2682 2684
2683 2684
2683 2685
2683 2686
2684 2685
2684 2686
2684 2687
2685 2688
2686 2687
2686 2827
2687 2688
2687 2689
2687 2690
2688 2689
2688 2691
2689 2690
2689 2691
2689 2692
2690 2691
2690 2692
2691 2692
2692 2693
2692 2694
2692 2695
2693 2694
2693 2695
2693 2696
2693 2730
2694 2695
2694 2696
2694 2697
2695 2696
2695 2698
2696 2697
2696 2698
2697 2698
2698 2699
2698 2700
2698 2701
2699 2700
2699 2702
2699 2723
2700 2701
2700 2702
2700 2703
2701 2703
2701 2948
2702 2703
2702 2705
2703 2704
2703 2705
2703 2706
2704 2705
2704 2706
2705 2706
2705 2707
2705 2708
2706 2707
2706 2709
2707 2709
2707 2710
2708 2709
2708 2710
2708 2711
2709 2710
2709 2711
2709 2712
2710 2711
2710 2712
2710 2713
2711 2712
2711 2714
2712 2865
2713 2715
2713 2716
2714 2715
2714 2716
2714 2717
2715 2717
2715 2718
2715 2826
2716 2717
2716 2938
2717 2718
2717 2719
2717 2720
2718 2719
2718 2720
2719 2720
2720 2721
2720 2722
2720 2723
2721 2722
2721 2723
2721 2724
2722 2724
2722 2725
2723 2725
2723 2726
2724 2725
2724 2727
2725 2726
2725 2728
2726 2728
2726 2882
2727 2728
2727 2729
2728 2729
2728 2731
2729 2730
2729 2731
2730 2732
2731 2732
2731 2733
2732 2733
2732 2734
2732 2735
2733 2734
2733 2735
2733 2736
2734 2735
2734 2737
2735 2737
2735 2738
2735 2973
2736 2737
2737 2739
2737 2740
2738 2739
2738 2740
2738 2741
2739 2740
2739 2742
2740 2741
2740 2742
2740 2743
2741 2742
2741 2862
2742 2743
2742 2745
2743 2746
2744 2747
2745 2746
2745 2747
2745 2748
2746 2747
2746 2748
2746 2749
2747 2748
2748 2749
2748 2750
2748 2751
2749 2750
2749 2752
2750 2751
2750 2752
2750 2753
2751 2753
2752 2754
2752 2755
2753 2754
2753 2755
2753 2756
2754 2755
2754 2756
2754 2757
2755 2757
2755 2758
2755 2930
2756 2757
2756 2758
2757 2758
2757 2759
2758 2759
2758 2760
2759 2761
2760 2761
2760 2762
2760 2763
2761 2762
2761 2763
2762 2763
2762 2764
2762 2765
2763 2764
2763 2765
2763 2766
2764 2766
2764 2767
2765 2766
2765 2768
2766 2768
2766 2769
2767 2768
2767 2769
2767 2770
2768 2769
2769 2770
2769 2771
2770 2771
2770 2772
2770 2773
2771 2772
2771 2773
2772 2773
2772 2774
2773 2775
2773 2776
2774 2775
2774 2776
2774 2777
2775 2777
2775 2778
2776 2778
2776 2966
2777 2778
2777 2779
2777 2780
2778 2779
2778 2781
2779 2781
2779 2782
2780 2782
2780 2783
2781 2782
2782 2783
2782 2784
2782 2785
2783 2784
2783 2785
2783 2786
2784 2786
2784 2787
2785 2787
2786 2787
2786 2788
2787 2788
2787 2789
2788 2789
2788 2790
2788 2791
2789 2791
2789 2792
2789 2868
2790 2791
2790 2792
2790 2793
2791 2792
2791 2793
2792 2793
2793 2794
2793 2795
2793 2796
2794 2796
2794 2797
2795 2796
2795 2797
2795 2798
2796 2797
2796 2799
2797 2799
2797 2940
2798 2799
2798 2800
2798 2971
2799 2800
2799 2801
2799 2802
2800 2802
2801 2802
2801 2803
2801 2804
2802 2803
2804 2805
2804 2806
2804 2807
2805 2807
2805 2808
2806 2809
2806 2951
2807 2808
2807 2809
2807 2810
2809 2810
2809 2811
2809 2812
2810 2811
2810 2813
2811 2812
2813 2814
2813 2815
2813 2816
2814 2815
2814 2817
2815 2817
2816 2817
2816 2818
2817 2819
2818 2819
2819 2820
2819 2822
2820 2821
2820 2822
2820 2823
2821 2824
2822 2823
2822 2825
2823 2824
2823 2825
2824 2825
2824 2826
2825 2826
2825 2828
2826 2829
2827 2828
2827 2829
2827 2830
2827 2840
2828 2830
2828 2831
2829 2831
2829 2832
2830 2831
2830 2832
2831 2832
2831 2833
2831 2834
2832 2833
2832 2834
2833 2835
2834 2835
2834 2836
2834 2837
2835 2836
2835 2838
2836 2838
2836 2975
2837 2838
2837 2839
2838 2839
2838 2840
2838 2841
2839 2840
2839 2841
2839 2842
2840 2841
2840 2843
2841 2844
2842 2843
2842 2845
2842 2935
2843 2844
2843 2845
2843 2846
2844 2846
2844 2847
2844 2963
2845 2846
2845 2847
2845 2848
2846 2847
2846 2849
2846 2914
2847 2848
2847 2849
2847 2850
2848 2849
2848 2850
2848 2851
2849 2851
2849 2852
2850 2851
2851 2853
2853 2855
2853 2869
2854 2855
2854 2856
2854 2857
2855 2857
2855 2858
2856 2857
2856 2858
2856 2859
2857 2858
2857 2859
2857 2860
2858 2859
2858 2860
2858 2861
2859 2860
2859 2861
2859 2862
2860 2861
2860 2862
2860 2863
2861 2863
2861 2864
2862 2863
2862 2864
2862 2865
2863 2865
2863 2866
2864 2865
2864 2866
2864 2867
2865 2866
2865 2867
2865 2868
2866 2869
2867 2868
2867 2869
2868 2869
2869 2870
2869 2871
2870 2871
2870 2872
2870 2932
2871 2872
2871 2874
2872 2873
2872 2874
2872 2875
2873 2874
2873 2875
2873 2876
2874 2875
2874 2876
2875 2876
2875 2877
2875 2878
2876 2877
2876 2878
2876 2879
2876 2995
2878 2879
2879 2881
2880 2881
2880 2882
2880 2883
2881 2882
2881 2883
2881 2884
2882 2883
2882 2884
2882 2885
2883 2884
2883 2885
2883 2886
2884 2885
2884 2886
2884 2887
2885 2887
2885 2888
2886 2887
2886 2888
2886 2983
2887 2888
2887 2889
2887 2890
2888 2890
2889 2891
2889 2892
2890 2892
2890 2893
2891 2892
2891 2893
2891 2894
2892 2893
2893 2894
2893 2895
2894 2895
2894 2896
2894 2897
2895 2896
2895 2897
2895 2898
2896 2898
2896 2944
2897 2898
2897 2899
2897 2900
2898 2899
2898 2900
2899 2900
2899 2901
2899 2902
2900 2903
2901 2902
2901 2903
2903 2904
2903 2905
2904 2906
2904 2907
2906 2907
2906 2908
2906 2909
2907 2908
2907 2909
2907 2910
2908 2909
2908 2910
2908 2911
2909 2911
2909 2912
2910 2913
2912 2913
2913 2914
2913 2916
2913 2995
2914 2915
2914 2916
2914 2917
2915 2916
2915 2918
2916 2917
2916 2918
2916 2919
2917 2918
2917 2920
2918 2919
2918 2920
2918 2921
2919 2920
2919 2921
2919 2922
2920 2922
2920 2923
2921 2922
2921 2923
2922 2924
2923 2925
2923 2926
2924 2925
2924 2926
2924 2927
2926 2927
2926 2929
2927 2929
2927 2930
2928 2929
2928 2930
2928 2931
2929 2932
2930 2933
2931 2932
2931 2933
2931 2934
2932 2933
2933 2934
2933 2935
2933 2936
2934 2935
2934 2937
2935 2936
2935 2938
2937 2938
2937 2939
2938 2939
2938 2940
2939 2940
2939 2942
2940 2941
2940 2942
2941 2944
2942 2943
2942 2944
2942 2945
2943 2946
2944 2945
2944 2946
2944 2947
2945 2946
2945 2947
2945 2948
2946 2947
2947 2948
2947 2950
2948 2949
2949 2950
2949 2952
2950 2951
2950 2952
2950 2953
2951 2953
2952 2955
2953 2956
2954 2955
2954 2957
2955 2956
2955 2957
2955 2958
2955 2993
2956 2957
2956 2958
2957 2958
2958 2959
2958 2960
2958 2961
2959 2960
2959 2962
2960 2963
2961 2962
2961 2964
2962 2963
2962 2964
2962 2965
2963 2964
2963 2966
2963 2969
2964 2965
2964 2966
2964 2967
2965 2967
2966 2968
2966 2969
2967 2970
2968 2969
2968 2970
2968 2971
2969 2970
2969 2972
2970 2971
2970 2973
2971 2972
2971 2973
2971 2974
2972 2974
2972 2975
2973 2974
2973 2975
2974 2975
2974 2976
2975 2976
2976 2977
2976 2979
2977 2978
2977 2979
2977 2980
2978 2980
2979 2980
2979 2981
2979 2982
2980 2981
2980 2982
2980 2983
2981 2982
2981 2983
2981 2984
2982 2984
2982 2985
2983 2986
2984 2985
2984 2987
2985 2986
2985 2987
2986 2987
2987 2988
2987 2989
2987 2990
2988 2989
2988 2990
2988 2991
2989 2990
2989 2991
2989 2992
2990 2993
2991 2992
2991 2994
2992 2993
2992 2995
2993 2995
2993 2996
2994 2995
2994 2996
2994 2997
2995 2998
2996 2997
2996 2998
2996 2999
2998 2999
